1.000000 0.000300
1.000001 0.000400
1.000002 0.000500
1.000004 0.000600
1.000007 0.000700
1.000012 0.000800
1.000019 0.000900
1.000029 0.001000
1.000043 0.001100
1.000061 0.001200
1.000085 0.001300
1.000114 0.001400
1.000151 0.001500
1.000195 0.001600
1.000249 0.001700
1.000314 0.001800
1.000391 0.001900
1.000480 0.002000
1.000584 0.002100
1.000705 0.002200
1.000843 0.002300
1.001000 0.002400
1.001178 0.002500
1.001379 0.002600
1.001605 0.002700
1.001857 0.002800
1.002138 0.002900
1.002449 0.003000
1.002792 0.003100
1.003171 0.003200
1.003586 0.003300
1.004041 0.003400
1.004538 0.003500
1.005078 0.003600
1.005665 0.003700
1.006301 0.003800
1.006989 0.003900
1.007731 0.004000
1.008530 0.004100
1.009389 0.004200
1.010310 0.004300
1.011297 0.004400
1.012351 0.004500
1.013477 0.004600
1.014677 0.004700
1.015955 0.004800
1.017313 0.004900
1.018754 0.005000
1.020281 0.005100
1.021899 0.005200
1.023609 0.005300
1.025416 0.005400
1.027323 0.005500
1.029332 0.005600
1.031448 0.005700
1.033673 0.005800
1.036012 0.005900
1.038467 0.006000
1.041042 0.006100
1.043741 0.006200
1.046567 0.006300
1.049523 0.006400
1.052614 0.006500
1.055843 0.006600
1.059212 0.006700
1.062727 0.006800
1.066390 0.006900
1.070205 0.007000
1.074176 0.007100
1.078307 0.007200
1.082600 0.007300
1.087059 0.007400
1.091689 0.007500
1.096492 0.007600
1.101473 0.007700
1.106634 0.007800
1.111980 0.007900
1.117513 0.008000
1.123238 0.008100
1.129158 0.008200
1.135276 0.008300
1.141596 0.008400
1.148121 0.008500
1.154854 0.008600
1.161800 0.008700
1.168961 0.008800
1.176340 0.008900
1.183941 0.009000
1.191767 0.009100
1.199822 0.009200
1.208108 0.009300
1.216628 0.009400
1.225385 0.009500
1.234383 0.009600
1.243625 0.009700
1.253112 0.009800
1.262849 0.009900
1.272837 0.010000
1.283080 0.010100
1.293581 0.010200
1.304341 0.010300
1.315363 0.010400
1.326650 0.010500
1.338205 0.010600
1.350029 0.010700
1.362125 0.010800
1.374495 0.010900
1.387141 0.011000
1.400066 0.011100
1.413270 0.011200
1.426757 0.011300
1.440528 0.011400
1.454585 0.011500
1.468930 0.011600
1.483564 0.011700
1.498488 0.011800
1.513705 0.011900
1.529216 0.012000
1.545022 0.012100
1.561124 0.012200
1.577524 0.012300
1.594222 0.012400
1.611220 0.012500
1.628519 0.012600
1.646120 0.012700
1.664022 0.012800
1.682229 0.012900
1.700739 0.013000
1.719553 0.013100
1.738673 0.013200
1.758098 0.013300
1.777829 0.013400
1.797867 0.013500
1.818211 0.013600
1.838862 0.013700
1.859820 0.013800
1.881085 0.013900
1.902656 0.014000
1.924535 0.014100
1.946721 0.014200
1.969213 0.014300
1.992012 0.014400
2.015117 0.014500
2.038528 0.014600
2.062245 0.014700
2.086266 0.014800
2.110592 0.014900
2.135222 0.015000
2.160156 0.015100
2.185392 0.015200
2.210930 0.015300
2.236770 0.015400
2.262911 0.015500
2.289351 0.015600
2.316090 0.015700
2.343127 0.015800
2.370461 0.015900
2.398092 0.016000
2.426018 0.016100
2.454238 0.016200
2.482751 0.016300
2.511557 0.016400
2.540654 0.016500
2.570040 0.016600
2.599715 0.016700
2.629678 0.016800
2.659928 0.016900
2.690463 0.017000
2.721282 0.017100
2.752383 0.017200
2.783767 0.017300
2.815431 0.017400
2.847373 0.017500
2.879594 0.017600
2.912092 0.017700
2.944864 0.017800
2.977911 0.017900
3.011231 0.018000
3.044822 0.018100
3.078683 0.018200
3.112813 0.018300
3.147211 0.018400
3.181874 0.018500
3.216803 0.018600
3.251996 0.018700
3.287451 0.018800
3.323167 0.018900
3.359143 0.019000
3.395378 0.019100
3.431870 0.019200
3.468618 0.019300
3.505622 0.019400
3.542878 0.019500
3.580388 0.019600
3.618148 0.019700
3.656159 0.019800
3.694418 0.019900
3.732926 0.020000
3.771679 0.020100
3.810679 0.020200
3.849922 0.020300
3.889409 0.020400
3.929138 0.020500
3.969108 0.020600
4.009318 0.020700
4.049767 0.020800
4.090453 0.020900
4.131377 0.021000
4.172537 0.021100
4.213931 0.021200
4.255559 0.021300
4.297421 0.021400
4.339514 0.021500
4.381839 0.021600
4.424394 0.021700
4.467178 0.021800
4.510191 0.021900
4.553431 0.022000
4.596899 0.022100
4.640592 0.022200
4.684511 0.022300
4.728654 0.022400
4.773021 0.022500
4.817611 0.022600
4.862423 0.022700
4.907457 0.022800
4.952712 0.022900
4.998187 0.023000
5.043881 0.023100
5.089795 0.023200
5.135926 0.023300
5.182276 0.023400
5.228843 0.023500
5.275626 0.023600
5.322625 0.023700
5.369839 0.023800
5.417269 0.023900
5.464913 0.024000
5.512770 0.024100
5.560841 0.024200
5.609125 0.024300
5.657622 0.024400
5.706330 0.024500
5.755250 0.024600
5.804381 0.024700
5.853723 0.024800
5.903276 0.024900
5.953038 0.025000
6.003010 0.025100
6.053191 0.025200
6.103581 0.025300
6.154179 0.025400
6.204986 0.025500
6.256000 0.025600
6.307223 0.025700
6.358652 0.025800
6.410289 0.025900
6.462132 0.026000
6.514181 0.026100
6.566437 0.026200
6.618899 0.026300
6.671567 0.026400
6.724440 0.026500
6.777518 0.026600
6.830801 0.026700
6.884289 0.026800
6.937982 0.026900
6.991879 0.027000
7.045980 0.027100
7.100286 0.027200
7.154795 0.027300
7.209508 0.027400
7.264425 0.027500
7.319545 0.027600
7.374868 0.027700
7.430394 0.027800
7.486124 0.027900
7.542056 0.028000
7.598191 0.028100
7.654528 0.028200
7.711068 0.028300
7.767811 0.028400
7.824755 0.028500
7.881902 0.028600
7.939251 0.028700
7.996801 0.028800
8.054554 0.028900
8.112508 0.029000
8.170664 0.029100
8.229022 0.029200
8.287581 0.029300
8.346342 0.029400
8.405304 0.029500
8.464467 0.029600
8.523831 0.029700
8.583397 0.029800
8.643164 0.029900
8.703132 0.030000
8.763301 0.030100
8.823671 0.030200
8.884242 0.030300
8.945014 0.030400
9.005986 0.030500
9.067159 0.030600
9.128534 0.030700
9.190108 0.030800
9.251884 0.030900
9.313860 0.031000
9.376037 0.031100
9.438414 0.031200
9.500992 0.031300
9.563770 0.031400
9.626749 0.031500
9.689928 0.031600
9.753307 0.031700
9.816887 0.031800
9.880668 0.031900
9.944649 0.032000
10.008830 0.032100
10.073211 0.032200
10.137793 0.032300
10.202575 0.032400
10.267557 0.032500
10.332740 0.032600
10.398122 0.032700
10.463705 0.032800
10.529488 0.032900
10.595472 0.033000
10.661655 0.033100
10.728039 0.033200
10.794623 0.033300
10.861407 0.033400
10.928391 0.033500
10.995575 0.033600
11.062959 0.033700
11.130544 0.033800
11.198328 0.033900
11.266313 0.034000
11.334498 0.034100
11.402882 0.034200
11.471467 0.034300
11.540252 0.034400
11.609237 0.034500
11.678422 0.034600
11.747807 0.034700
11.817393 0.034800
11.887178 0.034900
11.957163 0.035000
12.027348 0.035100
12.097734 0.035200
12.168319 0.035300
12.239104 0.035400
12.310090 0.035500
12.381275 0.035600
12.452661 0.035700
12.524246 0.035800
12.596031 0.035900
12.668017 0.036000
12.740202 0.036100
12.812588 0.036200
12.885173 0.036300
12.957959 0.036400
13.030944 0.036500
13.104129 0.036600
13.177515 0.036700
13.251100 0.036800
13.324886 0.036900
13.398871 0.037000
13.473057 0.037100
13.547442 0.037200
13.622027 0.037300
13.696813 0.037400
13.771798 0.037500
13.846983 0.037600
13.922369 0.037700
13.997954 0.037800
14.073739 0.037900
14.149725 0.038000
14.225910 0.038100
14.302295 0.038200
14.378881 0.038300
14.455666 0.038400
14.532651 0.038500
14.609836 0.038600
14.687221 0.038700
14.764806 0.038800
14.842592 0.038900
14.920577 0.039000
14.998762 0.039100
15.077147 0.039200
15.155732 0.039300
15.234517 0.039400
15.313502 0.039500
15.392687 0.039600
15.472072 0.039700
15.551657 0.039800
15.631442 0.039900
15.711427 0.040000
15.791612 0.040100
15.871997 0.040200
15.952582 0.040300
16.033366 0.040400
16.114351 0.040500
16.195536 0.040600
16.276921 0.040700
16.358506 0.040800
16.440290 0.040900
16.522275 0.041000
16.604460 0.041100
16.686845 0.041200
16.769429 0.041300
16.852214 0.041400
16.935199 0.041500
17.018383 0.041600
17.101768 0.041700
17.185352 0.041800
17.269137 0.041900
17.353121 0.042000
17.437306 0.042100
17.521691 0.042200
17.606275 0.042300
17.691059 0.042400
17.776044 0.042500
17.861228 0.042600
17.946613 0.042700
18.032197 0.042800
18.117982 0.042900
18.203966 0.043000
18.290150 0.043100
18.376535 0.043200
18.463119 0.043300
18.549903 0.043400
18.636888 0.043500
18.724072 0.043600
18.811456 0.043700
18.899040 0.043800
18.986825 0.043900
19.074809 0.044000
19.162993 0.044100
19.251377 0.044200
19.339961 0.044300
19.428745 0.044400
19.517730 0.044500
19.606914 0.044600
19.696298 0.044700
19.785882 0.044800
19.875666 0.044900
19.965650 0.045000
20.055834 0.045100
20.146218 0.045200
20.236802 0.045300
20.327586 0.045400
20.418570 0.045500
20.509754 0.045600
20.601138 0.045700
20.692722 0.045800
20.784506 0.045900
20.876490 0.046000
20.968673 0.046100
21.061057 0.046200
21.153641 0.046300
21.246425 0.046400
21.339409 0.046500
21.432593 0.046600
21.525976 0.046700
21.619560 0.046800
21.713344 0.046900
21.807328 0.047000
21.901511 0.047100
21.995895 0.047200
22.090479 0.047300
22.185263 0.047400
22.280246 0.047500
22.375430 0.047600
22.470814 0.047700
22.566397 0.047800
22.662181 0.047900
22.758165 0.048000
22.854348 0.048100
22.950732 0.048200
23.047315 0.048300
23.144099 0.048400
23.241082 0.048500
23.338266 0.048600
23.435649 0.048700
23.533233 0.048800
23.631017 0.048900
23.729000 0.049000
23.827183 0.049100
23.925567 0.049200
24.024150 0.049300
24.122934 0.049400
24.221917 0.049500
24.321101 0.049600
24.420484 0.049700
24.520067 0.049800
24.619851 0.049900
24.719834 0.050000
24.820018 0.050100
24.920401 0.050200
25.020984 0.050300
25.121768 0.050400
25.222751 0.050500
25.323934 0.050600
25.425317 0.050700
25.526901 0.050800
25.628684 0.050900
25.730667 0.051000
25.832851 0.051100
25.935234 0.051200
26.037817 0.051300
26.140600 0.051400
26.243583 0.051500
26.346767 0.051600
26.450150 0.051700
26.553733 0.051800
26.657516 0.051900
26.761499 0.052000
26.865682 0.052100
26.970065 0.052200
27.074649 0.052300
27.179432 0.052400
27.284415 0.052500
27.389598 0.052600
27.494981 0.052700
27.600564 0.052800
27.706347 0.052900
27.812330 0.053000
27.918513 0.053100
28.024896 0.053200
28.131479 0.053300
28.238262 0.053400
28.345245 0.053500
28.452428 0.053600
28.559811 0.053700
28.667394 0.053800
28.775177 0.053900
28.883160 0.054000
28.991343 0.054100
29.099726 0.054200
29.208309 0.054300
29.317092 0.054400
29.426074 0.054500
29.535257 0.054600
29.644640 0.054700
29.754223 0.054800
29.864006 0.054900
29.973989 0.055000
30.084172 0.055100
30.194554 0.055200
30.305137 0.055300
30.415920 0.055400
30.526903 0.055500
30.638085 0.055600
30.749468 0.055700
30.861051 0.055800
30.972834 0.055900
31.084817 0.056000
31.196999 0.056100
31.309382 0.056200
31.421965 0.056300
31.534747 0.056400
31.647730 0.056500
31.760913 0.056600
31.874295 0.056700
31.987878 0.056800
32.101661 0.056900
32.215643 0.057000
32.329826 0.057100
32.444209 0.057200
32.558791 0.057300
32.673574 0.057400
32.788557 0.057500
32.903739 0.057600
33.019122 0.057700
33.134704 0.057800
33.250487 0.057900
33.366470 0.058000
33.482652 0.058100
33.599035 0.058200
33.715617 0.058300
33.832400 0.058400
33.949382 0.058500
34.066565 0.058600
34.183947 0.058700
34.301530 0.058800
34.419312 0.058900
34.537295 0.059000
34.655477 0.059100
34.773860 0.059200
34.892442 0.059300
35.011225 0.059400
35.130207 0.059500
35.249389 0.059600
35.368772 0.059700
35.488354 0.059800
35.608137 0.059900
35.728119 0.060000
35.848301 0.060100
35.968684 0.060200
36.089266 0.060300
36.210049 0.060400
36.331031 0.060500
36.452213 0.060600
36.573596 0.060700
36.695178 0.060800
36.816960 0.060900
36.938943 0.061000
37.061125 0.061100
37.183507 0.061200
37.306090 0.061300
37.428872 0.061400
37.551854 0.061500
37.675036 0.061600
37.798419 0.061700
37.922001 0.061800
38.045783 0.061900
38.169765 0.062000
38.293948 0.062100
38.418330 0.062200
38.542912 0.062300
38.667694 0.062400
38.792677 0.062500
38.917859 0.062600
39.043241 0.062700
39.168823 0.062800
39.294605 0.062900
39.420587 0.063000
39.546770 0.063100
39.673152 0.063200
39.799734 0.063300
39.926516 0.063400
40.053498 0.063500
40.180680 0.063600
40.308062 0.063700
40.435645 0.063800
40.563427 0.063900
40.691409 0.064000
40.819591 0.064100
40.947973 0.064200
41.076555 0.064300
41.205337 0.064400
41.334319 0.064500
41.463501 0.064600
41.592883 0.064700
41.722465 0.064800
41.852247 0.064900
41.982229 0.065000
42.112411 0.065100
42.242793 0.065200
42.373375 0.065300
42.504157 0.065400
42.635139 0.065500
42.766321 0.065600
42.897703 0.065700
43.029285 0.065800
43.161067 0.065900
43.293049 0.066000
43.425231 0.066100
43.557613 0.066200
43.690195 0.066300
43.822977 0.066400
43.955959 0.066500
44.089141 0.066600
44.222523 0.066700
44.356105 0.066800
44.489886 0.066900
44.623868 0.067000
44.758050 0.067100
44.892432 0.067200
45.027014 0.067300
45.161796 0.067400
45.296778 0.067500
45.431960 0.067600
45.567341 0.067700
45.702923 0.067800
45.838705 0.067900
45.974687 0.068000
46.110869 0.068100
46.247250 0.068200
46.383832 0.068300
46.520614 0.068400
46.657596 0.068500
46.794778 0.068600
46.932159 0.068700
47.069741 0.068800
47.207523 0.068900
47.345505 0.069000
47.483686 0.069100
47.622068 0.069200
47.760650 0.069300
47.899432 0.069400
48.038413 0.069500
48.177595 0.069600
48.316977 0.069700
48.456559 0.069800
48.596340 0.069900
48.736322 0.070000
48.876504 0.070100
49.016885 0.070200
49.157467 0.070300
49.298249 0.070400
49.439230 0.070500
49.580412 0.070600
49.721794 0.070700
49.863375 0.070800
50.005157 0.070900
50.147139 0.071000
50.289320 0.071100
50.431702 0.071200
50.574283 0.071300
50.717065 0.071400
50.860047 0.071500
51.003228 0.071600
51.146610 0.071700
51.290191 0.071800
51.433973 0.071900
51.577955 0.072000
51.722136 0.072100
51.866518 0.072200
52.011099 0.072300
52.155881 0.072400
52.300862 0.072500
52.446044 0.072600
52.591425 0.072700
52.737007 0.072800
52.882788 0.072900
53.028770 0.073000
53.174951 0.073100
53.321333 0.073200
53.467914 0.073300
53.614696 0.073400
53.761677 0.073500
53.908859 0.073600
54.056240 0.073700
54.203822 0.073800
54.351603 0.073900
54.499585 0.074000
54.647766 0.074100
54.796148 0.074200
54.944729 0.074300
55.093511 0.074400
55.242492 0.074500
55.391673 0.074600
55.541055 0.074700
55.690636 0.074800
55.840418 0.074900
55.990399 0.075000
56.140580 0.075100
56.290962 0.075200
56.441543 0.075300
56.592325 0.075400
56.743306 0.075500
56.894487 0.075600
57.045869 0.075700
57.197450 0.075800
57.349231 0.075900
57.501213 0.076000
57.653394 0.076100
57.805775 0.076200
57.958357 0.076300
58.111138 0.076400
58.264119 0.076500
58.417301 0.076600
58.570682 0.076700
58.724263 0.076800
58.878044 0.076900
59.032026 0.077000
59.186207 0.077100
59.340588 0.077200
59.495170 0.077300
59.649951 0.077400
59.804932 0.077500
59.960113 0.077600
60.115495 0.077700
60.271076 0.077800
60.426857 0.077900
60.582838 0.078000
60.739020 0.078100
60.895401 0.078200
61.051982 0.078300
61.208763 0.078400
61.365744 0.078500
61.522926 0.078600
61.680307 0.078700
61.837888 0.078800
61.995669 0.078900
62.153650 0.079000
62.311831 0.079100
62.470213 0.079200
62.628794 0.079300
62.787575 0.079400
62.946556 0.079500
63.105737 0.079600
63.265118 0.079700
63.424700 0.079800
63.584481 0.079900
63.744462 0.080000
63.904643 0.080100
64.065024 0.080200
64.225605 0.080300
64.386386 0.080400
64.547367 0.080500
64.708548 0.080600
64.869930 0.080700
65.031511 0.080800
65.193292 0.080900
65.355273 0.081000
65.517454 0.081100
65.679835 0.081200
65.842416 0.081300
66.005197 0.081400
66.168178 0.081500
66.331359 0.081600
66.494740 0.081700
66.658321 0.081800
66.822102 0.081900
66.986083 0.082000
67.150264 0.082100
67.314645 0.082200
67.479226 0.082300
67.644007 0.082400
67.808988 0.082500
67.974169 0.082600
68.139550 0.082700
68.305131 0.082800
68.470912 0.082900
68.636893 0.083000
68.803074 0.083100
68.969455 0.083200
69.136036 0.083300
69.302817 0.083400
69.469798 0.083500
69.636979 0.083600
69.804360 0.083700
69.971941 0.083800
70.139722 0.083900
70.307703 0.084000
70.475883 0.084100
70.644264 0.084200
70.812845 0.084300
70.981626 0.084400
71.150607 0.084500
71.319788 0.084600
71.489169 0.084700
71.658750 0.084800
71.828531 0.084900
71.998511 0.085000
72.168692 0.085100
72.339073 0.085200
72.509654 0.085300
72.680435 0.085400
72.851416 0.085500
73.022597 0.085600
73.193977 0.085700
73.365558 0.085800
73.537339 0.085900
73.709320 0.086000
73.881501 0.086100
74.053881 0.086200
74.226462 0.086300
74.399243 0.086400
74.572224 0.086500
74.745405 0.086600
74.918785 0.086700
75.092366 0.086800
75.266147 0.086900
75.440128 0.087000
75.614309 0.087100
75.788689 0.087200
75.963270 0.087300
76.138051 0.087400
76.313032 0.087500
76.488212 0.087600
76.663593 0.087700
76.839174 0.087800
77.014955 0.087900
77.190935 0.088000
77.367116 0.088100
77.543497 0.088200
77.720077 0.088300
77.896858 0.088400
78.073839 0.088500
78.251019 0.088600
78.428400 0.088700
78.605981 0.088800
78.783762 0.088900
78.961742 0.089000
79.139923 0.089100
79.318304 0.089200
79.496884 0.089300
79.675665 0.089400
79.854646 0.089500
80.033826 0.089600
80.213207 0.089700
80.392787 0.089800
80.572568 0.089900
80.752549 0.090000
80.932729 0.090100
81.113110 0.090200
81.293691 0.090300
81.474471 0.090400
81.655452 0.090500
81.836632 0.090600
82.018013 0.090700
82.199594 0.090800
82.381374 0.090900
82.563355 0.091000
82.745535 0.091100
82.927916 0.091200
83.110496 0.091300
83.293277 0.091400
83.476258 0.091500
83.659438 0.091600
83.842819 0.091700
84.026399 0.091800
84.210180 0.091900
84.394160 0.092000
84.578341 0.092100
84.762721 0.092200
84.947302 0.092300
85.132082 0.092400
85.317063 0.092500
85.502243 0.092600
85.687624 0.092700
85.873204 0.092800
86.058985 0.092900
86.244965 0.093000
86.431146 0.093100
86.617526 0.093200
86.804107 0.093300
86.990887 0.093400
87.177868 0.093500
87.365048 0.093600
87.552429 0.093700
87.740009 0.093800
87.927790 0.093900
88.115770 0.094000
88.303951 0.094100
88.492331 0.094200
88.680911 0.094300
88.869692 0.094400
89.058672 0.094500
89.247853 0.094600
89.437233 0.094700
89.626813 0.094800
89.816594 0.094900
90.006574 0.095000
90.196755 0.095100
90.387135 0.095200
90.577715 0.095300
90.768496 0.095400
90.959476 0.095500
91.150657 0.095600
91.342037 0.095700
91.533617 0.095800
91.725398 0.095900
91.917378 0.096000
92.109558 0.096100
92.301939 0.096200
92.494519 0.096300
92.687299 0.096400
92.880280 0.096500
93.073460 0.096600
93.266840 0.096700
93.460421 0.096800
93.654201 0.096900
93.848181 0.097000
94.042362 0.097100
94.236742 0.097200
94.431322 0.097300
94.626103 0.097400
94.821083 0.097500
95.016263 0.097600
95.211643 0.097700
95.407224 0.097800
95.603004 0.097900
95.798984 0.098000
95.995164 0.098100
96.191545 0.098200
96.388125 0.098300
96.584905 0.098400
96.781885 0.098500
96.979066 0.098600
97.176446 0.098700
97.374026 0.098800
97.571806 0.098900
97.769787 0.099000
97.967967 0.099100
98.166347 0.099200
98.364927 0.099300
98.563707 0.099400
98.762688 0.099500
98.961868 0.099600
99.161248 0.099700
99.360828 0.099800
99.560608 0.099900
99.760589 0.100000
99.960769 0.100100
100.161149 0.100200
100.361729 0.100300
100.562509 0.100400
100.763489 0.100500
100.964670 0.100600
101.166050 0.100700
101.367630 0.100800
101.569410 0.100900
101.771390 0.101000
101.973570 0.101100
102.175950 0.101200
102.378531 0.101300
102.581311 0.101400
102.784291 0.101500
102.987471 0.101600
103.190851 0.101700
103.394431 0.101800
103.598211 0.101900
103.802191 0.102000
104.006371 0.102100
104.210751 0.102200
104.415332 0.102300
104.620112 0.102400
104.825092 0.102500
105.030272 0.102600
105.235652 0.102700
105.441232 0.102800
105.647012 0.102900
105.852992 0.103000
106.059172 0.103100
106.265552 0.103200
106.472132 0.103300
106.678912 0.103400
106.885892 0.103500
107.093072 0.103600
107.300452 0.103700
107.508032 0.103800
107.715812 0.103900
107.923792 0.104000
108.131972 0.104100
108.340352 0.104200
108.548932 0.104300
108.757712 0.104400
108.966692 0.104500
109.175872 0.104600
109.385252 0.104700
109.594832 0.104800
109.804612 0.104900
110.014592 0.105000
110.224772 0.105100
110.435152 0.105200
110.645732 0.105300
110.856512 0.105400
111.067492 0.105500
111.278672 0.105600
111.490052 0.105700
111.701632 0.105800
111.913412 0.105900
112.125392 0.106000
112.337571 0.106100
112.549951 0.106200
112.762531 0.106300
112.975311 0.106400
113.188291 0.106500
113.401471 0.106600
113.614851 0.106700
113.828431 0.106800
114.042211 0.106900
114.256191 0.107000
114.470370 0.107100
114.684750 0.107200
114.899330 0.107300
115.114110 0.107400
115.329090 0.107500
115.544270 0.107600
115.759650 0.107700
115.975229 0.107800
116.191009 0.107900
116.406989 0.108000
116.623169 0.108100
116.839549 0.108200
117.056129 0.108300
117.272908 0.108400
117.489888 0.108500
117.707068 0.108600
117.924448 0.108700
118.142028 0.108800
118.359808 0.108900
118.577787 0.109000
118.795967 0.109100
119.014347 0.109200
119.232927 0.109300
119.451706 0.109400
119.670686 0.109500
119.889866 0.109600
120.109246 0.109700
120.328826 0.109800
120.548605 0.109900
120.768585 0.110000
120.988765 0.110100
121.209145 0.110200
121.429724 0.110300
121.650504 0.110400
121.871484 0.110500
122.092664 0.110600
122.314043 0.110700
122.535623 0.110800
122.757403 0.110900
122.979382 0.111000
123.201562 0.111100
123.423942 0.111200
123.646522 0.111300
123.869301 0.111400
124.092281 0.111500
124.315461 0.111600
124.538840 0.111700
124.762420 0.111800
124.986200 0.111900
125.210179 0.112000
125.434359 0.112100
125.658739 0.112200
125.883318 0.112300
126.108098 0.112400
126.333078 0.112500
126.558257 0.112600
126.783637 0.112700
127.009217 0.112800
127.234996 0.112900
127.460976 0.113000
127.687156 0.113100
127.913535 0.113200
128.140115 0.113300
128.366894 0.113400
128.593874 0.113500
128.821054 0.113600
129.048433 0.113700
129.276013 0.113800
129.503793 0.113900
129.731772 0.114000
129.959952 0.114100
130.188331 0.114200
130.416911 0.114300
130.645690 0.114400
130.874670 0.114500
131.103850 0.114600
131.333229 0.114700
131.562809 0.114800
131.792588 0.114900
132.022568 0.115000
132.252747 0.115100
132.483127 0.115200
132.713707 0.115300
132.944486 0.115400
133.175466 0.115500
133.406645 0.115600
133.638025 0.115700
133.869604 0.115800
134.101384 0.115900
134.333363 0.116000
134.565543 0.116100
134.797922 0.116200
135.030502 0.116300
135.263281 0.116400
135.496261 0.116500
135.729440 0.116600
135.962820 0.116700
136.196399 0.116800
136.430179 0.116900
136.664158 0.117000
136.898338 0.117100
137.132717 0.117200
137.367297 0.117300
137.602076 0.117400
137.837055 0.117500
138.072235 0.117600
138.307614 0.117700
138.543194 0.117800
138.778973 0.117900
139.014953 0.118000
139.251132 0.118100
139.487512 0.118200
139.724091 0.118300
139.960870 0.118400
140.197850 0.118500
140.435029 0.118600
140.672409 0.118700
140.909988 0.118800
141.147767 0.118900
141.385747 0.119000
141.623926 0.119100
141.862306 0.119200
142.100885 0.119300
142.339664 0.119400
142.578644 0.119500
142.817823 0.119600
143.057203 0.119700
143.296782 0.119800
143.536561 0.119900
143.776541 0.120000
144.016720 0.120100
144.257099 0.120200
144.497679 0.120300
144.738458 0.120400
144.979437 0.120500
145.220617 0.120600
145.461996 0.120700
145.703575 0.120800
145.945355 0.120900
146.187334 0.121000
146.429513 0.121100
146.671893 0.121200
146.914472 0.121300
147.157251 0.121400
147.400231 0.121500
147.643410 0.121600
147.886789 0.121700
148.130368 0.121800
148.374148 0.121900
148.618127 0.122000
148.862306 0.122100
149.106686 0.122200
149.351265 0.122300
149.596044 0.122400
149.841023 0.122500
150.086203 0.122600
150.331582 0.122700
150.577161 0.122800
150.822940 0.122900
151.068920 0.123000
151.315099 0.123100
151.561478 0.123200
151.808057 0.123300
152.054836 0.123400
152.301816 0.123500
152.548995 0.123600
152.796374 0.123700
153.043953 0.123800
153.291733 0.123900
153.539712 0.124000
153.787891 0.124100
154.036270 0.124200
154.284849 0.124300
154.533629 0.124400
154.782608 0.124500
155.031787 0.124600
155.281166 0.124700
155.530745 0.124800
155.780524 0.124900
156.030504 0.125000
156.280683 0.125100
156.531062 0.125200
156.781641 0.125300
157.032420 0.125400
157.283399 0.125500
157.534578 0.125600
157.785958 0.125700
158.037537 0.125800
158.289316 0.125900
158.541295 0.126000
158.793474 0.126100
159.045853 0.126200
159.298432 0.126300
159.551211 0.126400
159.804191 0.126500
160.057370 0.126600
160.310749 0.126700
160.564328 0.126800
160.818107 0.126900
161.072086 0.127000
161.326265 0.127100
161.580644 0.127200
161.835223 0.127300
162.090002 0.127400
162.344981 0.127500
162.600160 0.127600
162.855540 0.127700
163.111119 0.127800
163.366898 0.127900
163.622877 0.128000
163.879056 0.128100
164.135435 0.128200
164.392014 0.128300
164.648793 0.128400
164.905772 0.128500
165.162951 0.128600
165.420330 0.128700
165.677909 0.128800
165.935688 0.128900
166.193667 0.129000
166.451846 0.129100
166.710225 0.129200
166.968804 0.129300
167.227583 0.129400
167.486562 0.129500
167.745741 0.129600
168.005120 0.129700
168.264699 0.129800
168.524478 0.129900
168.784457 0.130000
169.044636 0.130100
169.305015 0.130200
169.565594 0.130300
169.826373 0.130400
170.087352 0.130500
170.348531 0.130600
170.609910 0.130700
170.871488 0.130800
171.133267 0.130900
171.395246 0.131000
171.657425 0.131100
171.919804 0.131200
172.182383 0.131300
172.445162 0.131400
172.708141 0.131500
172.971320 0.131600
173.234699 0.131700
173.498278 0.131800
173.762057 0.131900
174.026035 0.132000
174.290214 0.132100
174.554593 0.132200
174.819172 0.132300
175.083951 0.132400
175.348930 0.132500
175.614109 0.132600
175.879488 0.132700
176.145066 0.132800
176.410845 0.132900
176.676824 0.133000
176.943003 0.133100
177.209382 0.133200
177.475961 0.133300
177.742740 0.133400
178.009718 0.133500
178.276897 0.133600
178.544276 0.133700
178.811855 0.133800
179.079634 0.133900
179.347613 0.134000
179.615791 0.134100
179.884170 0.134200
180.152749 0.134300
180.421528 0.134400
180.690507 0.134500
180.959685 0.134600
181.229064 0.134700
181.498643 0.134800
181.768422 0.134900
182.038401 0.135000
182.308579 0.135100
182.578958 0.135200
182.849537 0.135300
183.120316 0.135400
183.391294 0.135500
183.662473 0.135600
183.933852 0.135700
184.205431 0.135800
184.477209 0.135900
184.749188 0.136000
185.021367 0.136100
185.293746 0.136200
185.566324 0.136300
185.839103 0.136400
186.112082 0.136500
186.385261 0.136600
186.658639 0.136700
186.932218 0.136800
187.205997 0.136900
187.479975 0.137000
187.754154 0.137100
188.028533 0.137200
188.303112 0.137300
188.577890 0.137400
188.852869 0.137500
189.128048 0.137600
189.403426 0.137700
189.679005 0.137800
189.954784 0.137900
190.230762 0.138000
190.506941 0.138100
190.783320 0.138200
191.059898 0.138300
191.336677 0.138400
191.613656 0.138500
191.890834 0.138600
192.168213 0.138700
192.445791 0.138800
192.723570 0.138900
193.001549 0.139000
193.279727 0.139100
193.558106 0.139200
193.836685 0.139300
194.115463 0.139400
194.394442 0.139500
194.673620 0.139600
194.952999 0.139700
195.232578 0.139800
195.512356 0.139900
195.792335 0.140000
196.072513 0.140100
196.352892 0.140200
196.633471 0.140300
196.914249 0.140400
197.195228 0.140500
197.476406 0.140600
197.757785 0.140700
198.039363 0.140800
198.321142 0.140900
198.603121 0.141000
198.885299 0.141100
199.167678 0.141200
199.450256 0.141300
199.733035 0.141400
200.016013 0.141500
200.299183 0.141600
200.582543 0.141700
200.866093 0.141800
201.149832 0.141900
201.433763 0.142000
201.717888 0.142100
202.002207 0.142200
202.286723 0.142300
202.571436 0.142400
202.856347 0.142500
203.141458 0.142600
203.426767 0.142700
203.712276 0.142800
203.997985 0.142900
204.283893 0.143000
204.570001 0.143100
204.856309 0.143200
205.142817 0.143300
205.429524 0.143400
205.716432 0.143500
206.003539 0.143600
206.290847 0.143700
206.578354 0.143800
206.866062 0.143900
207.153969 0.144000
207.442076 0.144100
207.730384 0.144200
208.018891 0.144300
208.307598 0.144400
208.596505 0.144500
208.885612 0.144600
209.174919 0.144700
209.464426 0.144800
209.754132 0.144900
210.044039 0.145000
210.334146 0.145100
210.624453 0.145200
210.914959 0.145300
211.205666 0.145400
211.496572 0.145500
211.787679 0.145600
212.078985 0.145700
212.370492 0.145800
212.662198 0.145900
212.954104 0.146000
213.246210 0.146100
213.538516 0.146200
213.831023 0.146300
214.123729 0.146400
214.416635 0.146500
214.709741 0.146600
215.003046 0.146700
215.296552 0.146800
215.590258 0.146900
215.884164 0.147000
216.178269 0.147100
216.472575 0.147200
216.767081 0.147300
217.061786 0.147400
217.356692 0.147500
217.651797 0.147600
217.947102 0.147700
218.242608 0.147800
218.538313 0.147900
218.834218 0.148000
219.130323 0.148100
219.426628 0.148200
219.723133 0.148300
220.019838 0.148400
220.316743 0.148500
220.613848 0.148600
220.911153 0.148700
221.208658 0.148800
221.506362 0.148900
221.804267 0.149000
222.102372 0.149100
222.400676 0.149200
222.699181 0.149300
222.997885 0.149400
223.296789 0.149500
223.595894 0.149600
223.895198 0.149700
224.194702 0.149800
224.494407 0.149900
224.794311 0.150000
225.094415 0.150100
225.394719 0.150200
225.695223 0.150300
225.995927 0.150400
226.296831 0.150500
226.597934 0.150600
226.899238 0.150700
227.200742 0.150800
227.502445 0.150900
227.804349 0.151000
228.106453 0.151100
228.408756 0.151200
228.711260 0.151300
229.013963 0.151400
229.316866 0.151500
229.619970 0.151600
229.923273 0.151700
230.226776 0.151800
230.530479 0.151900
230.834382 0.152000
231.138485 0.152100
231.442788 0.152200
231.747291 0.152300
232.051994 0.152400
232.356897 0.152500
232.661999 0.152600
232.967302 0.152700
233.272805 0.152800
233.578507 0.152900
233.884410 0.153000
234.190512 0.153100
234.496815 0.153200
234.803317 0.153300
235.110020 0.153400
235.416922 0.153500
235.724024 0.153600
236.031326 0.153700
236.338828 0.153800
236.646530 0.153900
236.954432 0.154000
237.262534 0.154100
237.570836 0.154200
237.879338 0.154300
238.188040 0.154400
238.496942 0.154500
238.806043 0.154600
239.115345 0.154700
239.424847 0.154800
239.734548 0.154900
240.044450 0.155000
240.354551 0.155100
240.664852 0.155200
240.975354 0.155300
241.286055 0.155400
241.596956 0.155500
241.908057 0.155600
242.219358 0.155700
242.530859 0.155800
242.842560 0.155900
243.154461 0.156000
243.466562 0.156100
243.778863 0.156200
244.091364 0.156300
244.404065 0.156400
244.716965 0.156500
245.030066 0.156600
245.343367 0.156700
245.656867 0.156800
245.970568 0.156900
246.284468 0.157000
246.598568 0.157100
246.912869 0.157200
247.227369 0.157300
247.542069 0.157400
247.856969 0.157500
248.172069 0.157600
248.487369 0.157700
248.802869 0.157800
249.118569 0.157900
249.434469 0.158000
249.750569 0.158100
250.066869 0.158200
250.383369 0.158300
250.700068 0.158400
251.016968 0.158500
251.334067 0.158600
251.651367 0.158700
251.968866 0.158800
252.286566 0.158900
252.604465 0.159000
252.922565 0.159100
253.240864 0.159200
253.559363 0.159300
253.878062 0.159400
254.196961 0.159500
254.516060 0.159600
254.835359 0.159700
255.154858 0.159800
255.474557 0.159900
255.794456 0.160000
256.114555 0.160100
256.434853 0.160200
256.755352 0.160300
257.076051 0.160400
257.396949 0.160500
257.718048 0.160600
258.039346 0.160700
258.360845 0.160800
258.682543 0.160900
259.004441 0.161000
259.326540 0.161100
259.648838 0.161200
259.971336 0.161300
260.294034 0.161400
260.616932 0.161500
260.940030 0.161600
261.263328 0.161700
261.586826 0.161800
261.910524 0.161900
262.234421 0.162000
262.558519 0.162100
262.882817 0.162200
263.207314 0.162300
263.532012 0.162400
263.856909 0.162500
264.182007 0.162600
264.507304 0.162700
264.832802 0.162800
265.158499 0.162900
265.484396 0.163000
265.810493 0.163100
266.136790 0.163200
266.463288 0.163300
266.789985 0.163400
267.116882 0.163500
267.443978 0.163600
267.771275 0.163700
268.098772 0.163800
268.426469 0.163900
268.754366 0.164000
269.082462 0.164100
269.410759 0.164200
269.739255 0.164300
270.067952 0.164400
270.396848 0.164500
270.725945 0.164600
271.055241 0.164700
271.384737 0.164800
271.714434 0.164900
272.044330 0.165000
272.374426 0.165100
272.704722 0.165200
273.035218 0.165300
273.365914 0.165400
273.696810 0.165500
274.027906 0.165600
274.359202 0.165700
274.690697 0.165800
275.022393 0.165900
275.354289 0.166000
275.686384 0.166100
276.018680 0.166200
276.351175 0.166300
276.683871 0.166400
277.016766 0.166500
277.349861 0.166600
277.683157 0.166700
278.016652 0.166800
278.350347 0.166900
278.684242 0.167000
279.018337 0.167100
279.352632 0.167200
279.687127 0.167300
280.021822 0.167400
280.356717 0.167500
280.691812 0.167600
281.027107 0.167700
281.362601 0.167800
281.698296 0.167900
282.034191 0.168000
282.370285 0.168100
282.706580 0.168200
283.043074 0.168300
283.379768 0.168400
283.716663 0.168500
284.053757 0.168600
284.391051 0.168700
284.728545 0.168800
285.066240 0.168900
285.404134 0.169000
285.742228 0.169100
286.080522 0.169200
286.419015 0.169300
286.757709 0.169400
287.096603 0.169500
287.435697 0.169600
287.774991 0.169700
288.114484 0.169800
288.454178 0.169900
288.794071 0.170000
289.134165 0.170100
289.474458 0.170200
289.814952 0.170300
290.155645 0.170400
290.496538 0.170500
290.837631 0.170600
291.178925 0.170700
291.520418 0.170800
291.862111 0.170900
292.204004 0.171000
292.546097 0.171100
292.888390 0.171200
293.230882 0.171300
293.573575 0.171400
293.916468 0.171500
294.259561 0.171600
294.602853 0.171700
294.946346 0.171800
295.290038 0.171900
295.633931 0.172000
295.978023 0.172100
296.322316 0.172200
296.666808 0.172300
297.011500 0.172400
297.356392 0.172500
297.701485 0.172600
298.046777 0.172700
298.392269 0.172800
298.737961 0.172900
299.083853 0.173000
299.429945 0.173100
299.776236 0.173200
300.122728 0.173300
300.469434 0.173400
300.816354 0.173500
301.163489 0.173600
301.510836 0.173700
301.858394 0.173800
302.206160 0.173900
302.554130 0.174000
302.902303 0.174100
303.250679 0.174200
303.599255 0.174300
303.948032 0.174400
304.297009 0.174500
304.646186 0.174600
304.995563 0.174700
305.345141 0.174800
305.694918 0.174900
306.044896 0.175000
306.395073 0.175100
306.745450 0.175200
307.096028 0.175300
307.446805 0.175400
307.797782 0.175500
308.148959 0.175600
308.500337 0.175700
308.851914 0.175800
309.203691 0.175900
309.555669 0.176000
309.907846 0.176100
310.260223 0.176200
310.612800 0.176300
310.965578 0.176400
311.318555 0.176500
311.671732 0.176600
312.025109 0.176700
312.378687 0.176800
312.732464 0.176900
313.086441 0.177000
313.440618 0.177100
313.794996 0.177200
314.149573 0.177300
314.504350 0.177400
314.859327 0.177500
315.214505 0.177600
315.569882 0.177700
315.925459 0.177800
316.281236 0.177900
316.637214 0.178000
316.993391 0.178100
317.349768 0.178200
317.706345 0.178300
318.063122 0.178400
318.420100 0.178500
318.777277 0.178600
319.134654 0.178700
319.492231 0.178800
319.850008 0.178900
320.207985 0.179000
320.566163 0.179100
320.924540 0.179200
321.283117 0.179300
321.641894 0.179400
322.000871 0.179500
322.360048 0.179600
322.719426 0.179700
323.079003 0.179800
323.438780 0.179900
323.798757 0.180000
324.158934 0.180100
324.519311 0.180200
324.879888 0.180300
325.240666 0.180400
325.601643 0.180500
325.962820 0.180600
326.324197 0.180700
326.685774 0.180800
327.047551 0.180900
327.409528 0.181000
327.771705 0.181100
328.134082 0.181200
328.496660 0.181300
328.859437 0.181400
329.222414 0.181500
329.585591 0.181600
329.948968 0.181700
330.312545 0.181800
330.676322 0.181900
331.040299 0.182000
331.404476 0.182100
331.768853 0.182200
332.133430 0.182300
332.498207 0.182400
332.863184 0.182500
333.228362 0.182600
333.593739 0.182700
333.959316 0.182800
334.325093 0.182900
334.691070 0.183000
335.057247 0.183100
335.423624 0.183200
335.790201 0.183300
336.156978 0.183400
336.523955 0.183500
336.891132 0.183600
337.258509 0.183700
337.626086 0.183800
337.993863 0.183900
338.361840 0.184000
338.730017 0.184100
339.098394 0.184200
339.466971 0.184300
339.835748 0.184400
340.204725 0.184500
340.573902 0.184600
340.943279 0.184700
341.312856 0.184800
341.682633 0.184900
342.052610 0.185000
342.422787 0.185100
342.793164 0.185200
343.163741 0.185300
343.534517 0.185400
343.905494 0.185500
344.276671 0.185600
344.648048 0.185700
345.019625 0.185800
345.391402 0.185900
345.763379 0.186000
346.135556 0.186100
346.507933 0.186200
346.880510 0.186300
347.253287 0.186400
347.626264 0.186500
347.999441 0.186600
348.372818 0.186700
348.746394 0.186800
349.120171 0.186900
349.494148 0.187000
349.868325 0.187100
350.242702 0.187200
350.617279 0.187300
350.992056 0.187400
351.367033 0.187500
351.742210 0.187600
352.117586 0.187700
352.493163 0.187800
352.868940 0.187900
353.244917 0.188000
353.621094 0.188100
353.997471 0.188200
354.374048 0.188300
354.750824 0.188400
355.127801 0.188500
355.504978 0.188600
355.882355 0.188700
356.259932 0.188800
356.637709 0.188900
357.015685 0.189000
357.393862 0.189100
357.772239 0.189200
358.150816 0.189300
358.529593 0.189400
358.908569 0.189500
359.287746 0.189600
359.667123 0.189700
360.046700 0.189800
360.426477 0.189900
360.806453 0.190000
361.186630 0.190100
361.567007 0.190200
361.947584 0.190300
362.328361 0.190400
362.709337 0.190500
363.090514 0.190600
363.471891 0.190700
363.853468 0.190800
364.235244 0.190900
364.617221 0.191000
364.999398 0.191100
365.381775 0.191200
365.764351 0.191300
366.147128 0.191400
366.530105 0.191500
366.913282 0.191600
367.296658 0.191700
367.680235 0.191800
368.064012 0.191900
368.447988 0.192000
368.832165 0.192100
369.216542 0.192200
369.601119 0.192300
369.985895 0.192400
370.370872 0.192500
370.756049 0.192600
371.141425 0.192700
371.527002 0.192800
371.912779 0.192900
372.298755 0.193000
372.684932 0.193100
373.071309 0.193200
373.457885 0.193300
373.844662 0.193400
374.231639 0.193500
374.618815 0.193600
375.006192 0.193700
375.393769 0.193800
375.781545 0.193900
376.169522 0.194000
376.557699 0.194100
376.946075 0.194200
377.334652 0.194300
377.723429 0.194400
378.112405 0.194500
378.501582 0.194600
378.890958 0.194700
379.280535 0.194800
379.670312 0.194900
380.060288 0.195000
380.450465 0.195100
380.840841 0.195200
381.231418 0.195300
381.622195 0.195400
382.013171 0.195500
382.404348 0.195600
382.795724 0.195700
383.187301 0.195800
383.579078 0.195900
383.971054 0.196000
384.363231 0.196100
384.755607 0.196200
385.148184 0.196300
385.540960 0.196400
385.933937 0.196500
386.327114 0.196600
386.720490 0.196700
387.114067 0.196800
387.507843 0.196900
387.901820 0.197000
388.295996 0.197100
388.690373 0.197200
389.084949 0.197300
389.479726 0.197400
389.874702 0.197500
390.269879 0.197600
390.665255 0.197700
391.060832 0.197800
391.456608 0.197900
391.852585 0.198000
392.248761 0.198100
392.645138 0.198200
393.041714 0.198300
393.438491 0.198400
393.835467 0.198500
394.232644 0.198600
394.630020 0.198700
395.027597 0.198800
395.425373 0.198900
395.823350 0.199000
396.221526 0.199100
396.619903 0.199200
397.018479 0.199300
397.417256 0.199400
397.816232 0.199500
398.215409 0.199600
398.614785 0.199700
399.014361 0.199800
399.414138 0.199900
399.814114 0.200000
400.214291 0.200100
400.614667 0.200200
401.015244 0.200300
401.416020 0.200400
401.816996 0.200500
402.218173 0.200600
402.619549 0.200700
403.021126 0.200800
403.422902 0.200900
403.824878 0.201000
404.227055 0.201100
404.629431 0.201200
405.032008 0.201300
405.434784 0.201400
405.837760 0.201500
406.240937 0.201600
406.644313 0.201700
407.047890 0.201800
407.451666 0.201900
407.855642 0.202000
408.259819 0.202100
408.664195 0.202200
409.068771 0.202300
409.473548 0.202400
409.878524 0.202500
410.283700 0.202600
410.689077 0.202700
411.094653 0.202800
411.500429 0.202900
411.906406 0.203000
412.312582 0.203100
412.718958 0.203200
413.125535 0.203300
413.532311 0.203400
413.939287 0.203500
414.346464 0.203600
414.753840 0.203700
415.161416 0.203800
415.569193 0.203900
415.977169 0.204000
416.385345 0.204100
416.793721 0.204200
417.202298 0.204300
417.611074 0.204400
418.020050 0.204500
418.429227 0.204600
418.838603 0.204700
419.248179 0.204800
419.657955 0.204900
420.067932 0.205000
420.478108 0.205100
420.888484 0.205200
421.299060 0.205300
421.709837 0.205400
422.120813 0.205500
422.531989 0.205600
422.943365 0.205700
423.354942 0.205800
423.766718 0.205900
424.178694 0.206000
424.590870 0.206100
425.003246 0.206200
425.415823 0.206300
425.828599 0.206400
426.241575 0.206500
426.654751 0.206600
427.068127 0.206700
427.481704 0.206800
427.895480 0.206900
428.309456 0.207000
428.723632 0.207100
429.138008 0.207200
429.552585 0.207300
429.967361 0.207400
430.382337 0.207500
430.797513 0.207600
431.212889 0.207700
431.628465 0.207800
432.044242 0.207900
432.460218 0.208000
432.876394 0.208100
433.292770 0.208200
433.709346 0.208300
434.126122 0.208400
434.543098 0.208500
434.960275 0.208600
435.377651 0.208700
435.795227 0.208800
436.213003 0.208900
436.630979 0.209000
437.049155 0.209100
437.467531 0.209200
437.886107 0.209300
438.304884 0.209400
438.723860 0.209500
439.143036 0.209600
439.562412 0.209700
439.981988 0.209800
440.401764 0.209900
440.821740 0.210000
441.241916 0.210100
441.662292 0.210200
442.082868 0.210300
442.503644 0.210400
442.924620 0.210500
443.345796 0.210600
443.767173 0.210700
444.188749 0.210800
444.610525 0.210900
445.032501 0.211000
445.454677 0.211100
445.877053 0.211200
446.299629 0.211300
446.722405 0.211400
447.145381 0.211500
447.568557 0.211600
447.991933 0.211700
448.415509 0.211800
448.839285 0.211900
449.263261 0.212000
449.687437 0.212100
450.111813 0.212200
450.536389 0.212300
450.961165 0.212400
451.386141 0.212500
451.811317 0.212600
452.236693 0.212700
452.662269 0.212800
453.088045 0.212900
453.514021 0.213000
453.940197 0.213100
454.366573 0.213200
454.793149 0.213300
455.219925 0.213400
455.646901 0.213500
456.074077 0.213600
456.501453 0.213700
456.929029 0.213800
457.356805 0.213900
457.784781 0.214000
458.212956 0.214100
458.641332 0.214200
459.069908 0.214300
459.498684 0.214400
459.927660 0.214500
460.356836 0.214600
460.786212 0.214700
461.215788 0.214800
461.645564 0.214900
462.075540 0.215000
462.505716 0.215100
462.936092 0.215200
463.366667 0.215300
463.797443 0.215400
464.228419 0.215500
464.659595 0.215600
465.090971 0.215700
465.522547 0.215800
465.954323 0.215900
466.386299 0.216000
466.818475 0.216100
467.250850 0.216200
467.683426 0.216300
468.116202 0.216400
468.549178 0.216500
468.982354 0.216600
469.415730 0.216700
469.849306 0.216800
470.283081 0.216900
470.717057 0.217000
471.151233 0.217100
471.585609 0.217200
472.020185 0.217300
472.454961 0.217400
472.889936 0.217500
473.325112 0.217600
473.760488 0.217700
474.196064 0.217800
474.631840 0.217900
475.067815 0.218000
475.503991 0.218100
475.940367 0.218200
476.376943 0.218300
476.813719 0.218400
477.250694 0.218500
477.687870 0.218600
478.125246 0.218700
478.562822 0.218800
479.000597 0.218900
479.438573 0.219000
479.876749 0.219100
480.315125 0.219200
480.753701 0.219300
481.192476 0.219400
481.631452 0.219500
482.070628 0.219600
482.510004 0.219700
482.949579 0.219800
483.389355 0.219900
483.829331 0.220000
484.269506 0.220100
484.709882 0.220200
485.150458 0.220300
485.591234 0.220400
486.032209 0.220500
486.473385 0.220600
486.914761 0.220700
487.356336 0.220800
487.798112 0.220900
488.240088 0.221000
488.682264 0.221100
489.124639 0.221200
489.567215 0.221300
490.009991 0.221400
490.452966 0.221500
490.896142 0.221600
491.339518 0.221700
491.783093 0.221800
492.226869 0.221900
492.670845 0.222000
493.115020 0.222100
493.559396 0.222200
494.003972 0.222300
494.448747 0.222400
494.893723 0.222500
495.338899 0.222600
495.784274 0.222700
496.229850 0.222800
496.675625 0.222900
497.121601 0.223000
497.567777 0.223100
498.014152 0.223200
498.460728 0.223300
498.907504 0.223400
499.354479 0.223500
499.801655 0.223600
500.249030 0.223700
500.696606 0.223800
501.144382 0.223900
501.592357 0.224000
502.040533 0.224100
502.488908 0.224200
502.937484 0.224300
503.386260 0.224400
503.835235 0.224500
504.284411 0.224600
504.733786 0.224700
505.183362 0.224800
505.633137 0.224900
506.083113 0.225000
506.533288 0.225100
506.983664 0.225200
507.434240 0.225300
507.885015 0.225400
508.335991 0.225500
508.787166 0.225600
509.238542 0.225700
509.690117 0.225800
510.141893 0.225900
510.593868 0.226000
511.046044 0.226100
511.498419 0.226200
511.950995 0.226300
512.403770 0.226400
512.856746 0.226500
513.309921 0.226600
513.763297 0.226700
514.216872 0.226800
514.670648 0.226900
515.124623 0.227000
515.578799 0.227100
516.033174 0.227200
516.487750 0.227300
516.942525 0.227400
517.397501 0.227500
517.852676 0.227600
518.308052 0.227700
518.763627 0.227800
519.219403 0.227900
519.675378 0.228000
520.131554 0.228100
520.587929 0.228200
521.044504 0.228300
521.501280 0.228400
521.958255 0.228500
522.415431 0.228600
522.872806 0.228700
523.330382 0.228800
523.788157 0.228900
524.246132 0.229000
524.704308 0.229100
525.162683 0.229200
525.621259 0.229300
526.080034 0.229400
526.539009 0.229500
526.998185 0.229600
527.457560 0.229700
527.917136 0.229800
528.376911 0.229900
528.836886 0.230000
529.297062 0.230100
529.757437 0.230200
530.218013 0.230300
530.678788 0.230400
531.139763 0.230500
531.600939 0.230600
532.062314 0.230700
532.523889 0.230800
532.985665 0.230900
533.447640 0.231000
533.909815 0.231100
534.372191 0.231200
534.834766 0.231300
535.297541 0.231400
535.760517 0.231500
536.223692 0.231600
536.687067 0.231700
537.150643 0.231800
537.614418 0.231900
538.078393 0.232000
538.542569 0.232100
539.006944 0.232200
539.471519 0.232300
539.936295 0.232400
540.401270 0.232500
540.866445 0.232600
541.331820 0.232700
541.797396 0.232800
542.263171 0.232900
542.729146 0.233000
543.195322 0.233100
543.661697 0.233200
544.128272 0.233300
544.595047 0.233400
545.062023 0.233500
545.529198 0.233600
545.996573 0.233700
546.464148 0.233800
546.931924 0.233900
547.399899 0.234000
547.868074 0.234100
548.336449 0.234200
548.805025 0.234300
549.273800 0.234400
549.742775 0.234500
550.211950 0.234600
550.681326 0.234700
551.150901 0.234800
551.620676 0.234900
552.090651 0.235000
552.560826 0.235100
553.031202 0.235200
553.501777 0.235300
553.972552 0.235400
554.443527 0.235500
554.914702 0.235600
555.386078 0.235700
555.857653 0.235800
556.329428 0.235900
556.801403 0.236000
557.273578 0.236100
557.745953 0.236200
558.218529 0.236300
558.691304 0.236400
559.164279 0.236500
559.637454 0.236600
560.110829 0.236700
560.584404 0.236800
561.058179 0.236900
561.532155 0.237000
562.006330 0.237100
562.480705 0.237200
562.955280 0.237300
563.430055 0.237400
563.905030 0.237500
564.380205 0.237600
564.855581 0.237700
565.331156 0.237800
565.806931 0.237900
566.282906 0.238000
566.759081 0.238100
567.235456 0.238200
567.712031 0.238300
568.188806 0.238400
568.665781 0.238500
569.142956 0.238600
569.620331 0.238700
570.097907 0.238800
570.575682 0.238900
571.053657 0.239000
571.531832 0.239100
572.010207 0.239200
572.488782 0.239300
572.967557 0.239400
573.446532 0.239500
573.925707 0.239600
574.405082 0.239700
574.884657 0.239800
575.364432 0.239900
575.844407 0.240000
576.324582 0.240100
576.804957 0.240200
577.285532 0.240300
577.766307 0.240400
578.247282 0.240500
578.728457 0.240600
579.209832 0.240700
579.691407 0.240800
580.173182 0.240900
580.655157 0.241000
581.137332 0.241100
581.619707 0.241200
582.102282 0.241300
582.585057 0.241400
583.068032 0.241500
583.551207 0.241600
584.034582 0.241700
584.518157 0.241800
585.001932 0.241900
585.485907 0.242000
585.970082 0.242100
586.454457 0.242200
586.939032 0.242300
587.423807 0.242400
587.908782 0.242500
588.393957 0.242600
588.879332 0.242700
589.364907 0.242800
589.850682 0.242900
590.336657 0.243000
590.822832 0.243100
591.309207 0.243200
591.795781 0.243300
592.282556 0.243400
592.769531 0.243500
593.256706 0.243600
593.744081 0.243700
594.231656 0.243800
594.719431 0.243900
595.207406 0.244000
595.695581 0.244100
596.183956 0.244200
596.672530 0.244300
597.161305 0.244400
597.650280 0.244500
598.139455 0.244600
598.628830 0.244700
599.118405 0.244800
599.608180 0.244900
600.098155 0.245000
600.588329 0.245100
601.078704 0.245200
601.569279 0.245300
602.060054 0.245400
602.551029 0.245500
603.042204 0.245600
603.533579 0.245700
604.025153 0.245800
604.516928 0.245900
605.008903 0.246000
605.501078 0.246100
605.993453 0.246200
606.486027 0.246300
606.978802 0.246400
607.471777 0.246500
607.964952 0.246600
608.458327 0.246700
608.951901 0.246800
609.445676 0.246900
609.939651 0.247000
610.433826 0.247100
610.928201 0.247200
611.422775 0.247300
611.917550 0.247400
612.412525 0.247500
612.907700 0.247600
613.403075 0.247700
613.898649 0.247800
614.394424 0.247900
614.890399 0.248000
615.386574 0.248100
615.882948 0.248200
616.379523 0.248300
616.876298 0.248400
617.373273 0.248500
617.870447 0.248600
618.367822 0.248700
618.865397 0.248800
619.363171 0.248900
619.861146 0.249000
620.359321 0.249100
620.857696 0.249200
621.356270 0.249300
621.855045 0.249400
622.354020 0.249500
622.853194 0.249600
623.352569 0.249700
623.852144 0.249800
624.351919 0.249900
624.851893 0.250000
625.352068 0.250100
625.852443 0.250200
626.353017 0.250300
626.853792 0.250400
627.354767 0.250500
627.855941 0.250600
628.357316 0.250700
628.858891 0.250800
629.360665 0.250900
629.862640 0.251000
630.364815 0.251100
630.867189 0.251200
631.369764 0.251300
631.872538 0.251400
632.375513 0.251500
632.878688 0.251600
633.382062 0.251700
633.885637 0.251800
634.389412 0.251900
634.893386 0.252000
635.397561 0.252100
635.901935 0.252200
636.406510 0.252300
636.911285 0.252400
637.416259 0.252500
637.921434 0.252600
638.426808 0.252700
638.932383 0.252800
639.438158 0.252900
639.944132 0.253000
640.450307 0.253100
640.956681 0.253200
641.463256 0.253300
641.970031 0.253400
642.477005 0.253500
642.984180 0.253600
643.491554 0.253700
643.999129 0.253800
644.506903 0.253900
645.014878 0.254000
645.523052 0.254100
646.031427 0.254200
646.540002 0.254300
647.048776 0.254400
647.557751 0.254500
648.066925 0.254600
648.576300 0.254700
649.085874 0.254800
649.595649 0.254900
650.105623 0.255000
650.615798 0.255100
651.126172 0.255200
651.636747 0.255300
652.147521 0.255400
652.658496 0.255500
653.169670 0.255600
653.681045 0.255700
654.192619 0.255800
654.704394 0.255900
655.216368 0.256000
655.728543 0.256100
656.240917 0.256200
656.753492 0.256300
657.266266 0.256400
657.779240 0.256500
658.292415 0.256600
658.805789 0.256700
659.319364 0.256800
659.833138 0.256900
660.347113 0.257000
660.861287 0.257100
661.375662 0.257200
661.890236 0.257300
662.405010 0.257400
662.919985 0.257500
663.435159 0.257600
663.950534 0.257700
664.466108 0.257800
664.981883 0.257900
665.497857 0.258000
666.014031 0.258100
666.530406 0.258200
667.046980 0.258300
667.563755 0.258400
668.080729 0.258500
668.597903 0.258600
669.115278 0.258700
669.632852 0.258800
670.150627 0.258900
670.668601 0.259000
671.186775 0.259100
671.705150 0.259200
672.223724 0.259300
672.742498 0.259400
673.261473 0.259500
673.780647 0.259600
674.300021 0.259700
674.819596 0.259800
675.339370 0.259900
675.859344 0.260000
676.379519 0.260100
676.899893 0.260200
677.420467 0.260300
677.941242 0.260400
678.462216 0.260500
678.983390 0.260600
679.504765 0.260700
680.026339 0.260800
680.548113 0.260900
681.070088 0.261000
681.592262 0.261100
682.114636 0.261200
682.637211 0.261300
683.159985 0.261400
683.682959 0.261500
684.206133 0.261600
684.729508 0.261700
685.253082 0.261800
685.776856 0.261900
686.300831 0.262000
686.825005 0.262100
687.349379 0.262200
687.873953 0.262300
688.398728 0.262400
688.923702 0.262500
689.448876 0.262600
689.974250 0.262700
690.499825 0.262800
691.025599 0.262900
691.551573 0.263000
692.077747 0.263100
692.604122 0.263200
693.130696 0.263300
693.657470 0.263400
694.184444 0.263500
694.711618 0.263600
695.238993 0.263700
695.766567 0.263800
696.294341 0.263900
696.822315 0.264000
697.350489 0.264100
697.878864 0.264200
698.407438 0.264300
698.936212 0.264400
699.465186 0.264500
699.994360 0.264600
700.523735 0.264700
701.053238 0.264800
701.582904 0.264900
702.112751 0.265000
702.642791 0.265100
703.173031 0.265200
703.703471 0.265300
704.234112 0.265400
704.764954 0.265500
705.295997 0.265600
705.827240 0.265700
706.358683 0.265800
706.890326 0.265900
707.422169 0.266000
707.954212 0.266100
708.486454 0.266200
709.018897 0.266300
709.551540 0.266400
710.084382 0.266500
710.617425 0.266600
711.150667 0.266700
711.684109 0.266800
712.217752 0.266900
712.751594 0.267000
713.285636 0.267100
713.819878 0.267200
714.354320 0.267300
714.888962 0.267400
715.423804 0.267500
715.958846 0.267600
716.494088 0.267700
717.029530 0.267800
717.565172 0.267900
718.101013 0.268000
718.637055 0.268100
719.173297 0.268200
719.709738 0.268300
720.246380 0.268400
720.783221 0.268500
721.320263 0.268600
721.857504 0.268700
722.394945 0.268800
722.932587 0.268900
723.470428 0.269000
724.008469 0.269100
724.546710 0.269200
725.085151 0.269300
725.623792 0.269400
726.162633 0.269500
726.701674 0.269600
727.240915 0.269700
727.780355 0.269800
728.319996 0.269900
728.859837 0.270000
729.399877 0.270100
729.940118 0.270200
730.480559 0.270300
731.021199 0.270400
731.562039 0.270500
732.103080 0.270600
732.644320 0.270700
733.185760 0.270800
733.727400 0.270900
734.269241 0.271000
734.811281 0.271100
735.353521 0.271200
735.895961 0.271300
736.438601 0.271400
736.981441 0.271500
737.524480 0.271600
738.067720 0.271700
738.611160 0.271800
739.154799 0.271900
739.698639 0.272000
740.242679 0.272100
740.786918 0.272200
741.331358 0.272300
741.875997 0.272400
742.420836 0.272500
742.965876 0.272600
743.511115 0.272700
744.056554 0.272800
744.602193 0.272900
745.148032 0.273000
745.694071 0.273100
746.240310 0.273200
746.786749 0.273300
747.333388 0.273400
747.880227 0.273500
748.427266 0.273600
748.974504 0.273700
749.521943 0.273800
750.069582 0.273900
750.617420 0.274000
751.165459 0.274100
751.713697 0.274200
752.262136 0.274300
752.810774 0.274400
753.359612 0.274500
753.908650 0.274600
754.457889 0.274700
755.007327 0.274800
755.556965 0.274900
756.106803 0.275000
756.656841 0.275100
757.207079 0.275200
757.757517 0.275300
758.308154 0.275400
758.858992 0.275500
759.410030 0.275600
759.961268 0.275700
760.512705 0.275800
761.064343 0.275900
761.616180 0.276000
762.168218 0.276100
762.720455 0.276200
763.272892 0.276300
763.825530 0.276400
764.378367 0.276500
764.931404 0.276600
765.484641 0.276700
766.038078 0.276800
766.591715 0.276900
767.145552 0.277000
767.699589 0.277100
768.253826 0.277200
768.808263 0.277300
769.362900 0.277400
769.917736 0.277500
770.472773 0.277600
771.028010 0.277700
771.583446 0.277800
772.139083 0.277900
772.694919 0.278000
773.250955 0.278100
773.807192 0.278200
774.363628 0.278300
774.920264 0.278400
775.477100 0.278500
776.034137 0.278600
776.591373 0.278700
777.148809 0.278800
777.706445 0.278900
778.264280 0.279000
778.822316 0.279100
779.380552 0.279200
779.938988 0.279300
780.497624 0.279400
781.056459 0.279500
781.615495 0.279600
782.174730 0.279700
782.734166 0.279800
783.293801 0.279900
783.853637 0.280000
784.413672 0.280100
784.973907 0.280200
785.534343 0.280300
786.094978 0.280400
786.655813 0.280500
787.216848 0.280600
787.778083 0.280700
788.339518 0.280800
788.901153 0.280900
789.462988 0.281000
790.025022 0.281100
790.587257 0.281200
791.149692 0.281300
791.712327 0.281400
792.275161 0.281500
792.838196 0.281600
793.401430 0.281700
793.964865 0.281800
794.528499 0.281900
795.092333 0.282000
795.656368 0.282100
796.220602 0.282200
796.785036 0.282300
797.349670 0.282400
797.914504 0.282500
798.479538 0.282600
799.044772 0.282700
799.610206 0.282800
800.175840 0.282900
800.741725 0.283000
801.307841 0.283100
801.874182 0.283200
802.440740 0.283300
803.007509 0.283400
803.574483 0.283500
804.141658 0.283600
804.709033 0.283700
805.276608 0.283800
805.844382 0.283900
806.412355 0.284000
806.980529 0.284100
807.548902 0.284200
808.117476 0.284300
808.686249 0.284400
809.255223 0.284500
809.824396 0.284600
810.393770 0.284700
810.963343 0.284800
811.533117 0.284900
812.103090 0.285000
812.673264 0.285100
813.243637 0.285200
813.814210 0.285300
814.384984 0.285400
814.955957 0.285500
815.527131 0.285600
816.098504 0.285700
816.670078 0.285800
817.241851 0.285900
817.813825 0.286000
818.385998 0.286100
818.958371 0.286200
819.530945 0.286300
820.103718 0.286400
820.676692 0.286500
821.249865 0.286600
821.823239 0.286700
822.396812 0.286800
822.970585 0.286900
823.544559 0.287000
824.118732 0.287100
824.693106 0.287200
825.267679 0.287300
825.842452 0.287400
826.417426 0.287500
826.992599 0.287600
827.567973 0.287700
828.143546 0.287800
828.719319 0.287900
829.295293 0.288000
829.871466 0.288100
830.447839 0.288200
831.024413 0.288300
831.601186 0.288400
832.178159 0.288500
832.755333 0.288600
833.332706 0.288700
833.910279 0.288800
834.488053 0.288900
835.066026 0.289000
835.644199 0.289100
836.222573 0.289200
836.801146 0.289300
837.379919 0.289400
837.958893 0.289500
838.538066 0.289600
839.117439 0.289700
839.697013 0.289800
840.276786 0.289900
840.856759 0.290000
841.436933 0.290100
842.017306 0.290200
842.597879 0.290300
843.178652 0.290400
843.759626 0.290500
844.340799 0.290600
844.922172 0.290700
845.503746 0.290800
846.085519 0.290900
846.667492 0.291000
847.249665 0.291100
847.832039 0.291200
848.414612 0.291300
848.997385 0.291400
849.580358 0.291500
850.163532 0.291600
850.746905 0.291700
851.330478 0.291800
851.914251 0.291900
852.498225 0.292000
853.082398 0.292100
853.666771 0.292200
854.251344 0.292300
854.836117 0.292400
855.421091 0.292500
856.006264 0.292600
856.591637 0.292700
857.177210 0.292800
857.762983 0.292900
858.348957 0.293000
858.935130 0.293100
859.521503 0.293200
860.108076 0.293300
860.694849 0.293400
861.281823 0.293500
861.868996 0.293600
862.456369 0.293700
863.043942 0.293800
863.631715 0.293900
864.219688 0.294000
864.807862 0.294100
865.396235 0.294200
865.984808 0.294300
866.573581 0.294400
867.162554 0.294500
867.751727 0.294600
868.341100 0.294700
868.930674 0.294800
869.520447 0.294900
870.110420 0.295000
870.700593 0.295100
871.290966 0.295200
871.881539 0.295300
872.472312 0.295400
873.063285 0.295500
873.654459 0.295600
874.245832 0.295700
874.837405 0.295800
875.429178 0.295900
876.021151 0.296000
876.613324 0.296100
877.205697 0.296200
877.798270 0.296300
878.391043 0.296400
878.984016 0.296500
879.577189 0.296600
880.170562 0.296700
880.764136 0.296800
881.357909 0.296900
881.951882 0.297000
882.546055 0.297100
883.140428 0.297200
883.735001 0.297300
884.329774 0.297400
884.924747 0.297500
885.519920 0.297600
886.115293 0.297700
886.710866 0.297800
887.306639 0.297900
887.902612 0.298000
888.498785 0.298100
889.095158 0.298200
889.691731 0.298300
890.288504 0.298400
890.885477 0.298500
891.482650 0.298600
892.080023 0.298700
892.677596 0.298800
893.275369 0.298900
893.873342 0.299000
894.471515 0.299100
895.069888 0.299200
895.668461 0.299300
896.267234 0.299400
896.866207 0.299500
897.465380 0.299600
898.064753 0.299700
898.664326 0.299800
899.264099 0.299900
899.864072 0.300000
900.464245 0.300100
901.064618 0.300200
901.665191 0.300300
902.265964 0.300400
902.866937 0.300500
903.468109 0.300600
904.069482 0.300700
904.671055 0.300800
905.272828 0.300900
905.874801 0.301000
906.476974 0.301100
907.079347 0.301200
907.681920 0.301300
908.284693 0.301400
908.887666 0.301500
909.490839 0.301600
910.094211 0.301700
910.697784 0.301800
911.301557 0.301900
911.905530 0.302000
912.509703 0.302100
913.114076 0.302200
913.718649 0.302300
914.323422 0.302400
914.928395 0.302500
915.533567 0.302600
916.138940 0.302700
916.744513 0.302800
917.350286 0.302900
917.956259 0.303000
918.562432 0.303100
919.168804 0.303200
919.775377 0.303300
920.382150 0.303400
920.989123 0.303500
921.596296 0.303600
922.203669 0.303700
922.811241 0.303800
923.419014 0.303900
924.026987 0.304000
924.635160 0.304100
925.243533 0.304200
925.852106 0.304300
926.460878 0.304400
927.069851 0.304500
927.679024 0.304600
928.288397 0.304700
928.897969 0.304800
929.507742 0.304900
930.117715 0.305000
930.727888 0.305100
931.338261 0.305200
931.948833 0.305300
932.559606 0.305400
933.170579 0.305500
933.781752 0.305600
934.393124 0.305700
935.004697 0.305800
935.616470 0.305900
936.228443 0.306000
936.840615 0.306100
937.452988 0.306200
938.065561 0.306300
938.678334 0.306400
939.291306 0.306500
939.904479 0.306600
940.517852 0.306700
941.131425 0.306800
941.745197 0.306900
942.359170 0.307000
942.973343 0.307100
943.587715 0.307200
944.202288 0.307300
944.817061 0.307400
945.432033 0.307500
946.047206 0.307600
946.662579 0.307700
947.278152 0.307800
947.893924 0.307900
948.509897 0.308000
949.126070 0.308100
949.742442 0.308200
950.359015 0.308300
950.975788 0.308400
951.592760 0.308500
952.209933 0.308600
952.827306 0.308700
953.444878 0.308800
954.062651 0.308900
954.680623 0.309000
955.298796 0.309100
955.917169 0.309200
956.535741 0.309300
957.154514 0.309400
957.773487 0.309500
958.392659 0.309600
959.012032 0.309700
959.631604 0.309800
960.251377 0.309900
960.871350 0.310000
961.491522 0.310100
962.111895 0.310200
962.732467 0.310300
963.353240 0.310400
963.974213 0.310500
964.595385 0.310600
965.216758 0.310700
965.838330 0.310800
966.460103 0.310900
967.082076 0.311000
967.704248 0.311100
968.326621 0.311200
968.949193 0.311300
969.571966 0.311400
970.194938 0.311500
970.818111 0.311600
971.441483 0.311700
972.065056 0.311800
972.688829 0.311900
973.312801 0.312000
973.936974 0.312100
974.561346 0.312200
975.185919 0.312300
975.810691 0.312400
976.435664 0.312500
977.060836 0.312600
977.686209 0.312700
978.311781 0.312800
978.937554 0.312900
979.563526 0.313000
980.189699 0.313100
980.816071 0.313200
981.442644 0.313300
982.069416 0.313400
982.696389 0.313500
983.323561 0.313600
983.950934 0.313700
984.578506 0.313800
985.206279 0.313900
985.834251 0.314000
986.462424 0.314100
987.090796 0.314200
987.719369 0.314300
988.348141 0.314400
988.977113 0.314500
989.606286 0.314600
990.235658 0.314700
990.865231 0.314800
991.495003 0.314900
992.124976 0.315000
992.755148 0.315100
993.385520 0.315200
994.016093 0.315300
994.646865 0.315400
995.277838 0.315500
995.909010 0.315600
996.540383 0.315700
997.171955 0.315800
997.803727 0.315900
998.435700 0.316000
999.067872 0.316100
999.700245 0.316200
1000.332817 0.316300
1000.965589 0.316400
1001.598562 0.316500
1002.231734 0.316600
1002.865106 0.316700
1003.498679 0.316800
1004.132451 0.316900
1004.766424 0.317000
1005.400596 0.317100
1006.034968 0.317200
1006.669541 0.317300
1007.304313 0.317400
1007.939285 0.317500
1008.574458 0.317600
1009.209830 0.317700
1009.845402 0.317800
1010.481175 0.317900
1011.117147 0.318000
1011.753319 0.318100
1012.389692 0.318200
1013.026264 0.318300
1013.663036 0.318400
1014.300009 0.318500
1014.937181 0.318600
1015.574553 0.318700
1016.212126 0.318800
1016.849898 0.318900
1017.487870 0.319000
1018.126042 0.319100
1018.764415 0.319200
1019.402987 0.319300
1020.041759 0.319400
1020.680732 0.319500
1021.319904 0.319600
1021.959276 0.319700
1022.598848 0.319800
1023.238621 0.319900
1023.878593 0.320000
1024.518765 0.320100
1025.159137 0.320200
1025.799710 0.320300
1026.440482 0.320400
1027.081454 0.320500
1027.722626 0.320600
1028.363999 0.320700
1029.005571 0.320800
1029.647343 0.320900
1030.289315 0.321000
1030.931488 0.321100
1031.573860 0.321200
1032.216432 0.321300
1032.859204 0.321400
1033.502176 0.321500
1034.145349 0.321600
1034.788721 0.321700
1035.432293 0.321800
1036.076065 0.321900
1036.720037 0.322000
1037.364210 0.322100
1038.008582 0.322200
1038.653154 0.322300
1039.297926 0.322400
1039.942898 0.322500
1040.588070 0.322600
1041.233443 0.322700
1041.879015 0.322800
1042.524787 0.322900
1043.170759 0.323000
1043.816931 0.323100
1044.463303 0.323200
1045.109876 0.323300
1045.756648 0.323400
1046.403620 0.323500
1047.050792 0.323600
1047.698164 0.323700
1048.345736 0.323800
1048.993508 0.323900
1049.641481 0.324000
1050.289653 0.324100
1050.938025 0.324200
1051.586597 0.324300
1052.235369 0.324400
1052.884341 0.324500
1053.533513 0.324600
1054.182885 0.324700
1054.832457 0.324800
1055.482229 0.324900
1056.132202 0.325000
1056.782374 0.325100
1057.432746 0.325200
1058.083318 0.325300
1058.734090 0.325400
1059.385062 0.325500
1060.036234 0.325600
1060.687606 0.325700
1061.339178 0.325800
1061.990950 0.325900
1062.642922 0.326000
1063.295094 0.326100
1063.947466 0.326200
1064.600038 0.326300
1065.252810 0.326400
1065.905782 0.326500
1066.558954 0.326600
1067.212327 0.326700
1067.865899 0.326800
1068.519671 0.326900
1069.173643 0.327000
1069.827815 0.327100
1070.482187 0.327200
1071.136759 0.327300
1071.791531 0.327400
1072.446503 0.327500
1073.101675 0.327600
1073.757047 0.327700
1074.412619 0.327800
1075.068391 0.327900
1075.724363 0.328000
1076.380535 0.328100
1077.036907 0.328200
1077.693478 0.328300
1078.350250 0.328400
1079.007222 0.328500
1079.664394 0.328600
1080.321766 0.328700
1080.979338 0.328800
1081.637110 0.328900
1082.295082 0.329000
1082.953254 0.329100
1083.611626 0.329200
1084.270198 0.329300
1084.928970 0.329400
1085.587942 0.329500
1086.247114 0.329600
1086.906486 0.329700
1087.566058 0.329800
1088.225830 0.329900
1088.885802 0.330000
1089.545973 0.330100
1090.206345 0.330200
1090.866917 0.330300
1091.527689 0.330400
1092.188661 0.330500
1092.849833 0.330600
1093.511205 0.330700
1094.172777 0.330800
1094.834549 0.330900
1095.496520 0.331000
1096.158692 0.331100
1096.821064 0.331200
1097.483636 0.331300
1098.146408 0.331400
1098.809380 0.331500
1099.472552 0.331600
1100.135924 0.331700
1100.799495 0.331800
1101.463267 0.331900
1102.127239 0.332000
1102.791411 0.332100
1103.455783 0.332200
1104.120355 0.332300
1104.785126 0.332400
1105.450098 0.332500
1106.115270 0.332600
1106.780642 0.332700
1107.446214 0.332800
1108.111986 0.332900
1108.777957 0.333000
1109.444129 0.333100
1110.110501 0.333200
1110.777073 0.333300
1111.443845 0.333400
1112.110816 0.333500
1112.777988 0.333600
1113.445360 0.333700
1114.112932 0.333800
1114.780703 0.333900
1115.448675 0.334000
1116.116847 0.334100
1116.785219 0.334200
1117.453791 0.334300
1118.122562 0.334400
1118.791534 0.334500
1119.460706 0.334600
1120.130078 0.334700
1120.799649 0.334800
1121.469421 0.334900
1122.139393 0.335000
1122.809565 0.335100
1123.479936 0.335200
1124.150508 0.335300
1124.821280 0.335400
1125.492251 0.335500
1126.163423 0.335600
1126.834795 0.335700
1127.506367 0.335800
1128.178138 0.335900
1128.850110 0.336000
1129.522282 0.336100
1130.194653 0.336200
1130.867225 0.336300
1131.539997 0.336400
1132.212969 0.336500
1132.886140 0.336600
1133.559512 0.336700
1134.233084 0.336800
1134.906855 0.336900
1135.580827 0.337000
1136.254999 0.337100
1136.929370 0.337200
1137.603942 0.337300
1138.278714 0.337400
1138.953685 0.337500
1139.628857 0.337600
1140.304229 0.337700
1140.979800 0.337800
1141.655572 0.337900
1142.331543 0.338000
1143.007715 0.338100
1143.684087 0.338200
1144.360658 0.338300
1145.037430 0.338400
1145.714402 0.338500
1146.391573 0.338600
1147.068945 0.338700
1147.746516 0.338800
1148.424288 0.338900
1149.102260 0.339000
1149.780431 0.339100
1150.458803 0.339200
1151.137374 0.339300
1151.816146 0.339400
1152.495118 0.339500
1153.174289 0.339600
1153.853661 0.339700
1154.533232 0.339800
1155.213004 0.339900
1155.892976 0.340000
1156.573147 0.340100
1157.253519 0.340200
1157.934090 0.340300
1158.614862 0.340400
1159.295833 0.340500
1159.977005 0.340600
1160.658376 0.340700
1161.339948 0.340800
1162.021719 0.340900
1162.703691 0.341000
1163.385863 0.341100
1164.068234 0.341200
1164.750806 0.341300
1165.433577 0.341400
1166.116549 0.341500
1166.799720 0.341600
1167.483092 0.341700
1168.166663 0.341800
1168.850435 0.341900
1169.534406 0.342000
1170.218578 0.342100
1170.902949 0.342200
1171.587521 0.342300
1172.272292 0.342400
1172.957264 0.342500
1173.642435 0.342600
1174.327807 0.342700
1175.013378 0.342800
1175.699149 0.342900
1176.385121 0.343000
1177.071292 0.343100
1177.757664 0.343200
1178.444235 0.343300
1179.131007 0.343400
1179.817978 0.343500
1180.505150 0.343600
1181.192521 0.343700
1181.880093 0.343800
1182.567864 0.343900
1183.255835 0.344000
1183.944007 0.344100
1184.632378 0.344200
1185.320950 0.344300
1186.009721 0.344400
1186.698692 0.344500
1187.387864 0.344600
1188.077235 0.344700
1188.766807 0.344800
1189.456578 0.344900
1190.146550 0.345000
1190.836721 0.345100
1191.527092 0.345200
1192.217664 0.345300
1192.908435 0.345400
1193.599406 0.345500
1194.290578 0.345600
1194.981949 0.345700
1195.673521 0.345800
1196.365292 0.345900
1197.057263 0.346000
1197.749435 0.346100
1198.441806 0.346200
1199.134377 0.346300
1199.827149 0.346400
1200.520120 0.346500
1201.213154 0.346600
1201.906336 0.346700
1202.599711 0.346800
1203.293295 0.346900
1203.987089 0.347000
1204.681089 0.347100
1205.375291 0.347200
1206.069692 0.347300
1206.764293 0.347400
1207.459093 0.347500
1208.154093 0.347600
1208.849292 0.347700
1209.544692 0.347800
1210.240291 0.347900
1210.936091 0.348000
1211.632090 0.348100
1212.328289 0.348200
1213.024689 0.348300
1213.721288 0.348400
1214.418087 0.348500
1215.115086 0.348600
1215.812285 0.348700
1216.509684 0.348800
1217.207283 0.348900
1217.905082 0.349000
1218.603081 0.349100
1219.301280 0.349200
1219.999679 0.349300
1220.698277 0.349400
1221.397076 0.349500
1222.096075 0.349600
1222.795273 0.349700
1223.494672 0.349800
1224.194270 0.349900
1224.894069 0.350000
1225.594067 0.350100
1226.294265 0.350200
1226.994664 0.350300
1227.695262 0.350400
1228.396060 0.350500
1229.097058 0.350600
1229.798256 0.350700
1230.499654 0.350800
1231.201252 0.350900
1231.903050 0.351000
1232.605048 0.351100
1233.307245 0.351200
1234.009643 0.351300
1234.712241 0.351400
1235.415038 0.351500
1236.118036 0.351600
1236.821233 0.351700
1237.524631 0.351800
1238.228228 0.351900
1238.932026 0.352000
1239.636023 0.352100
1240.340220 0.352200
1241.044617 0.352300
1241.749214 0.352400
1242.454011 0.352500
1243.159009 0.352600
1243.864205 0.352700
1244.569602 0.352800
1245.275199 0.352900
1245.980996 0.353000
1246.686993 0.353100
1247.393190 0.353200
1248.099586 0.353300
1248.806183 0.353400
1249.512979 0.353500
1250.219976 0.353600
1250.927172 0.353700
1251.634569 0.353800
1252.342165 0.353900
1253.049961 0.354000
1253.757958 0.354100
1254.466154 0.354200
1255.174550 0.354300
1255.883146 0.354400
1256.591942 0.354500
1257.300938 0.354600
1258.010134 0.354700
1258.719530 0.354800
1259.429126 0.354900
1260.138921 0.355000
1260.848917 0.355100
1261.559113 0.355200
1262.269508 0.355300
1262.980104 0.355400
1263.690899 0.355500
1264.401895 0.355600
1265.113090 0.355700
1265.824485 0.355800
1266.536081 0.355900
1267.247876 0.356000
1267.959871 0.356100
1268.672066 0.356200
1269.384461 0.356300
1270.097056 0.356400
1270.809851 0.356500
1271.522846 0.356600
1272.236041 0.356700
1272.949436 0.356800
1273.663031 0.356900
1274.376825 0.357000
1275.090820 0.357100
1275.805015 0.357200
1276.519409 0.357300
1277.234004 0.357400
1277.948798 0.357500
1278.663793 0.357600
1279.378987 0.357700
1280.094381 0.357800
1280.809975 0.357900
1281.525770 0.358000
1282.241764 0.358100
1282.957958 0.358200
1283.674352 0.358300
1284.390946 0.358400
1285.107740 0.358500
1285.824733 0.358600
1286.541927 0.358700
1287.259321 0.358800
1287.976915 0.358900
1288.694708 0.359000
1289.412702 0.359100
1290.130896 0.359200
1290.849289 0.359300
1291.567882 0.359400
1292.286676 0.359500
1293.005669 0.359600
1293.724862 0.359700
1294.444256 0.359800
1295.163849 0.359900
1295.883642 0.360000
1296.603635 0.360100
1297.323828 0.360200
1298.044221 0.360300
1298.764814 0.360400
1299.485607 0.360500
1300.206600 0.360600
1300.927893 0.360700
1301.649427 0.360800
1302.371183 0.360900
1303.093149 0.361000
1303.815320 0.361100
1304.537692 0.361200
1305.260264 0.361300
1305.983035 0.361400
1306.706006 0.361500
1307.429177 0.361600
1308.152548 0.361700
1308.876118 0.361800
1309.599889 0.361900
1310.323860 0.362000
1311.048031 0.362100
1311.772402 0.362200
1312.496972 0.362300
1313.221743 0.362400
1313.946714 0.362500
1314.671885 0.362600
1315.397255 0.362700
1316.122826 0.362800
1316.848597 0.362900
1317.574568 0.363000
1318.300739 0.363100
1319.027109 0.363200
1319.753680 0.363300
1320.480451 0.363400
1321.207422 0.363500
1321.934592 0.363600
1322.661963 0.363700
1323.389534 0.363800
1324.117305 0.363900
1324.845275 0.364000
1325.573446 0.364100
1326.301817 0.364200
1327.030388 0.364300
1327.759158 0.364400
1328.488129 0.364500
1329.217300 0.364600
1329.946670 0.364700
1330.676241 0.364800
1331.406012 0.364900
1332.135983 0.365000
1332.866153 0.365100
1333.596524 0.365200
1334.327095 0.365300
1335.057865 0.365400
1335.788836 0.365500
1336.520007 0.365600
1337.251377 0.365700
1337.982948 0.365800
1338.714719 0.365900
1339.446689 0.366000
1340.178860 0.366100
1340.911231 0.366200
1341.643801 0.366300
1342.376572 0.366400
1343.109543 0.366500
1343.842713 0.366600
1344.576084 0.366700
1345.309655 0.366800
1346.043425 0.366900
1346.777396 0.367000
1347.511566 0.367100
1348.245937 0.367200
1348.980508 0.367300
1349.715278 0.367400
1350.450249 0.367500
1351.185420 0.367600
1351.920790 0.367700
1352.656361 0.367800
1353.392131 0.367900
1354.128102 0.368000
1354.864273 0.368100
1355.600643 0.368200
1356.337214 0.368300
1357.073984 0.368400
1357.810955 0.368500
1358.548125 0.368600
1359.285496 0.368700
1360.023067 0.368800
1360.760837 0.368900
1361.498808 0.369000
1362.236978 0.369100
1362.975349 0.369200
1363.713919 0.369300
1364.452690 0.369400
1365.191661 0.369500
1365.930831 0.369600
1366.670202 0.369700
1367.409772 0.369800
1368.149543 0.369900
1368.889513 0.370000
1369.629684 0.370100
1370.370054 0.370200
1371.110625 0.370300
1371.851395 0.370400
1372.592366 0.370500
1373.333536 0.370600
1374.074907 0.370700
1374.816477 0.370800
1375.558248 0.370900
1376.300218 0.371000
1377.042389 0.371100
1377.784759 0.371200
1378.527330 0.371300
1379.270100 0.371400
1380.013071 0.371500
1380.756241 0.371600
1381.499612 0.371700
1382.243182 0.371800
1382.986953 0.371900
1383.730923 0.372000
1384.475094 0.372100
1385.219464 0.372200
1385.964034 0.372300
1386.708805 0.372400
1387.453775 0.372500
1388.198946 0.372600
1388.944316 0.372700
1389.689887 0.372800
1390.435657 0.372900
1391.181627 0.373000
1391.927798 0.373100
1392.674168 0.373200
1393.420739 0.373300
1394.167509 0.373400
1394.914480 0.373500
1395.661650 0.373600
1396.409020 0.373700
1397.156591 0.373800
1397.904361 0.373900
1398.652332 0.374000
1399.400502 0.374100
1400.148872 0.374200
1400.897443 0.374300
1401.646213 0.374400
1402.395183 0.374500
1403.144354 0.374600
1403.893724 0.374700
1404.643295 0.374800
1405.393065 0.374900
1406.143035 0.375000
1406.893206 0.375100
1407.643576 0.375200
1408.394146 0.375300
1409.144917 0.375400
1409.895887 0.375500
1410.647057 0.375600
1411.398428 0.375700
1412.149998 0.375800
1412.901768 0.375900
1413.653739 0.376000
1414.405909 0.376100
1415.158279 0.376200
1415.910850 0.376300
1416.663620 0.376400
1417.416590 0.376500
1418.169760 0.376600
1418.923131 0.376700
1419.676701 0.376800
1420.430471 0.376900
1421.184442 0.377000
1421.938612 0.377100
1422.692982 0.377200
1423.447552 0.377300
1424.202323 0.377400
1424.957293 0.377500
1425.712463 0.377600
1426.467834 0.377700
1427.223404 0.377800
1427.979174 0.377900
1428.735144 0.378000
1429.491315 0.378100
1430.247685 0.378200
1431.004255 0.378300
1431.761025 0.378400
1432.517996 0.378500
1433.275166 0.378600
1434.032536 0.378700
1434.790106 0.378800
1435.547876 0.378900
1436.305847 0.379000
1437.064017 0.379100
1437.822387 0.379200
1438.580957 0.379300
1439.339727 0.379400
1440.098698 0.379500
1440.857868 0.379600
1441.617238 0.379700
1442.376808 0.379800
1443.136578 0.379900
1443.896549 0.380000
1444.656719 0.380100
1445.417089 0.380200
1446.177659 0.380300
1446.938429 0.380400
1447.699399 0.380500
1448.460570 0.380600
1449.221940 0.380700
1449.983510 0.380800
1450.745280 0.380900
1451.507250 0.381000
1452.269420 0.381100
1453.031791 0.381200
1453.794361 0.381300
1454.557131 0.381400
1455.320101 0.381500
1456.083271 0.381600
1456.846641 0.381700
1457.610211 0.381800
1458.373981 0.381900
1459.137952 0.382000
1459.902122 0.382100
1460.666492 0.382200
1461.431062 0.382300
1462.195832 0.382400
1462.960802 0.382500
1463.725972 0.382600
1464.491342 0.382700
1465.256912 0.382800
1466.022682 0.382900
1466.788652 0.383000
1467.554823 0.383100
1468.321193 0.383200
1469.087763 0.383300
1469.854533 0.383400
1470.621503 0.383500
1471.388673 0.383600
1472.156043 0.383700
1472.923613 0.383800
1473.691383 0.383900
1474.459353 0.384000
1475.227523 0.384100
1475.995893 0.384200
1476.764463 0.384300
1477.533233 0.384400
1478.302203 0.384500
1479.071373 0.384600
1479.840743 0.384700
1480.610313 0.384800
1481.380083 0.384900
1482.150053 0.385000
1482.920223 0.385100
1483.690593 0.385200
1484.461163 0.385300
1485.231933 0.385400
1486.002903 0.385500
1486.774073 0.385600
1487.545443 0.385700
1488.317013 0.385800
1489.088783 0.385900
1489.860753 0.386000
1490.632923 0.386100
1491.405293 0.386200
1492.177863 0.386300
1492.950633 0.386400
1493.723603 0.386500
1494.496773 0.386600
1495.270143 0.386700
1496.043713 0.386800
1496.817483 0.386900
1497.591453 0.387000
1498.365623 0.387100
1499.139993 0.387200
1499.914563 0.387300
1500.689332 0.387400
1501.464302 0.387500
1502.239472 0.387600
1503.014842 0.387700
1503.790412 0.387800
1504.566182 0.387900
1505.342152 0.388000
1506.118322 0.388100
