101.000000 0.000300
101.000001 0.000400
101.000002 0.000500
101.000004 0.000600
101.000007 0.000700
101.000012 0.000800
101.000019 0.000900
101.000029 0.001000
101.000043 0.001100
101.000061 0.001200
101.000085 0.001300
101.000114 0.001400
101.000151 0.001500
101.000195 0.001600
101.000249 0.001700
101.000314 0.001800
101.000391 0.001900
101.000480 0.002000
101.000584 0.002100
101.000705 0.002200
101.000843 0.002300
101.001000 0.002400
101.001178 0.002500
101.001379 0.002600
101.001605 0.002700
101.001857 0.002800
101.002138 0.002900
101.002449 0.003000
101.002792 0.003100
101.003171 0.003200
101.003586 0.003300
101.004041 0.003400
101.004538 0.003500
101.005078 0.003600
101.005665 0.003700
101.006301 0.003800
101.006989 0.003900
101.007731 0.004000
101.008530 0.004100
101.009389 0.004200
101.010310 0.004300
101.011297 0.004400
101.012351 0.004500
101.013477 0.004600
101.014677 0.004700
101.015955 0.004800
101.017313 0.004900
101.018754 0.005000
101.020281 0.005100
101.021899 0.005200
101.023609 0.005300
101.025416 0.005400
101.027323 0.005500
101.029332 0.005600
101.031448 0.005700
101.033673 0.005800
101.036012 0.005900
101.038467 0.006000
101.041042 0.006100
101.043741 0.006200
101.046567 0.006300
101.049523 0.006400
101.052614 0.006500
101.055843 0.006600
101.059212 0.006700
101.062727 0.006800
101.066390 0.006900
101.070205 0.007000
101.074176 0.007100
101.078307 0.007200
101.082600 0.007300
101.087059 0.007400
101.091689 0.007500
101.096492 0.007600
101.101473 0.007700
101.106634 0.007800
101.111980 0.007900
101.117513 0.008000
101.123238 0.008100
101.129158 0.008200
101.135276 0.008300
101.141596 0.008400
101.148121 0.008500
101.154854 0.008600
101.161800 0.008700
101.168961 0.008800
101.176340 0.008900
101.183941 0.009000
101.191767 0.009100
101.199822 0.009200
101.208108 0.009300
101.216628 0.009400
101.225385 0.009500
101.234383 0.009600
101.243625 0.009700
101.253112 0.009800
101.262849 0.009900
101.272837 0.010000
101.283080 0.010100
101.293581 0.010200
101.304341 0.010300
101.315363 0.010400
101.326650 0.010500
101.338205 0.010600
101.350029 0.010700
101.362125 0.010800
101.374495 0.010900
101.387141 0.011000
101.400066 0.011100
101.413270 0.011200
101.426757 0.011300
101.440528 0.011400
101.454585 0.011500
101.468930 0.011600
101.483564 0.011700
101.498488 0.011800
101.513705 0.011900
101.529216 0.012000
101.545022 0.012100
101.561124 0.012200
101.577524 0.012300
101.594222 0.012400
101.611220 0.012500
101.628519 0.012600
101.646120 0.012700
101.664022 0.012800
101.682229 0.012900
101.700739 0.013000
101.719553 0.013100
101.738673 0.013200
101.758098 0.013300
101.777829 0.013400
101.797867 0.013500
101.818211 0.013600
101.838862 0.013700
101.859820 0.013800
101.881085 0.013900
101.902656 0.014000
101.924535 0.014100
101.946721 0.014200
101.969213 0.014300
101.992012 0.014400
102.015117 0.014500
102.038528 0.014600
102.062245 0.014700
102.086266 0.014800
102.110592 0.014900
102.135222 0.015000
102.160156 0.015100
102.185392 0.015200
102.210930 0.015300
102.236770 0.015400
102.262911 0.015500
102.289351 0.015600
102.316090 0.015700
102.343127 0.015800
102.370461 0.015900
102.398092 0.016000
102.426018 0.016100
102.454238 0.016200
102.482751 0.016300
102.511557 0.016400
102.540654 0.016500
102.570040 0.016600
102.599715 0.016700
102.629678 0.016800
102.659928 0.016900
102.690463 0.017000
102.721282 0.017100
102.752383 0.017200
102.783767 0.017300
102.815431 0.017400
102.847373 0.017500
102.879594 0.017600
102.912092 0.017700
102.944864 0.017800
102.977911 0.017900
103.011231 0.018000
103.044822 0.018100
103.078683 0.018200
103.112813 0.018300
103.147211 0.018400
103.181874 0.018500
103.216803 0.018600
103.251996 0.018700
103.287451 0.018800
103.323167 0.018900
103.359143 0.019000
103.395378 0.019100
103.431870 0.019200
103.468618 0.019300
103.505622 0.019400
103.542878 0.019500
103.580388 0.019600
103.618148 0.019700
103.656159 0.019800
103.694418 0.019900
103.732926 0.020000
103.771679 0.020100
103.810679 0.020200
103.849922 0.020300
103.889409 0.020400
103.929138 0.020500
103.969108 0.020600
104.009318 0.020700
104.049767 0.020800
104.090453 0.020900
104.131377 0.021000
104.172537 0.021100
104.213931 0.021200
104.255559 0.021300
104.297421 0.021400
104.339514 0.021500
104.381839 0.021600
104.424394 0.021700
104.467178 0.021800
104.510191 0.021900
104.553431 0.022000
104.596899 0.022100
104.640592 0.022200
104.684511 0.022300
104.728654 0.022400
104.773021 0.022500
104.817611 0.022600
104.862423 0.022700
104.907457 0.022800
104.952712 0.022900
104.998187 0.023000
105.043881 0.023100
105.089795 0.023200
105.135926 0.023300
105.182276 0.023400
105.228843 0.023500
105.275626 0.023600
105.322625 0.023700
105.369839 0.023800
105.417269 0.023900
105.464913 0.024000
105.512770 0.024100
105.560841 0.024200
105.609125 0.024300
105.657622 0.024400
105.706330 0.024500
105.755250 0.024600
105.804381 0.024700
105.853723 0.024800
105.903276 0.024900
105.953038 0.025000
106.003010 0.025100
106.053191 0.025200
106.103581 0.025300
106.154179 0.025400
106.204986 0.025500
106.256000 0.025600
106.307223 0.025700
106.358652 0.025800
106.410289 0.025900
106.462132 0.026000
106.514181 0.026100
106.566437 0.026200
106.618899 0.026300
106.671567 0.026400
106.724440 0.026500
106.777518 0.026600
106.830801 0.026700
106.884289 0.026800
106.937982 0.026900
106.991879 0.027000
107.045980 0.027100
107.100286 0.027200
107.154795 0.027300
107.209508 0.027400
107.264425 0.027500
107.319545 0.027600
107.374868 0.027700
107.430394 0.027800
107.486124 0.027900
107.542056 0.028000
107.598191 0.028100
107.654528 0.028200
107.711068 0.028300
107.767811 0.028400
107.824755 0.028500
107.881902 0.028600
107.939251 0.028700
107.996801 0.028800
108.054554 0.028900
108.112508 0.029000
108.170664 0.029100
108.229022 0.029200
108.287581 0.029300
108.346342 0.029400
108.405304 0.029500
108.464467 0.029600
108.523831 0.029700
108.583397 0.029800
108.643164 0.029900
108.703132 0.030000
108.763301 0.030100
108.823671 0.030200
108.884242 0.030300
108.945014 0.030400
109.005986 0.030500
109.067159 0.030600
109.128534 0.030700
109.190108 0.030800
109.251884 0.030900
109.313860 0.031000
109.376037 0.031100
109.438414 0.031200
109.500992 0.031300
109.563770 0.031400
109.626749 0.031500
109.689928 0.031600
109.753307 0.031700
109.816887 0.031800
109.880668 0.031900
109.944649 0.032000
110.008830 0.032100
110.073211 0.032200
110.137793 0.032300
110.202575 0.032400
110.267557 0.032500
110.332740 0.032600
110.398122 0.032700
110.463705 0.032800
110.529488 0.032900
110.595472 0.033000
110.661655 0.033100
110.728039 0.033200
110.794623 0.033300
110.861407 0.033400
110.928391 0.033500
110.995575 0.033600
111.062959 0.033700
111.130544 0.033800
111.198328 0.033900
111.266313 0.034000
111.334498 0.034100
111.402882 0.034200
111.471467 0.034300
111.540252 0.034400
111.609237 0.034500
111.678422 0.034600
111.747807 0.034700
111.817393 0.034800
111.887178 0.034900
111.957163 0.035000
112.027348 0.035100
112.097734 0.035200
112.168319 0.035300
112.239104 0.035400
112.310090 0.035500
112.381275 0.035600
112.452661 0.035700
112.524246 0.035800
112.596031 0.035900
112.668017 0.036000
112.740202 0.036100
112.812588 0.036200
112.885173 0.036300
112.957959 0.036400
113.030944 0.036500
113.104129 0.036600
113.177515 0.036700
113.251100 0.036800
113.324886 0.036900
113.398871 0.037000
113.473057 0.037100
113.547442 0.037200
113.622027 0.037300
113.696813 0.037400
113.771798 0.037500
113.846983 0.037600
113.922369 0.037700
113.997954 0.037800
114.073739 0.037900
114.149725 0.038000
114.225910 0.038100
114.302295 0.038200
114.378881 0.038300
114.455666 0.038400
114.532651 0.038500
114.609836 0.038600
114.687221 0.038700
114.764806 0.038800
114.842592 0.038900
114.920577 0.039000
114.998762 0.039100
115.077147 0.039200
115.155732 0.039300
115.234517 0.039400
115.313502 0.039500
115.392687 0.039600
115.472072 0.039700
115.551657 0.039800
115.631442 0.039900
115.711427 0.040000
115.791612 0.040100
115.871997 0.040200
115.952582 0.040300
116.033366 0.040400
116.114351 0.040500
116.195536 0.040600
116.276921 0.040700
116.358506 0.040800
116.440290 0.040900
116.522275 0.041000
116.604460 0.041100
116.686845 0.041200
116.769429 0.041300
116.852214 0.041400
116.935199 0.041500
117.018383 0.041600
117.101768 0.041700
117.185352 0.041800
117.269137 0.041900
117.353121 0.042000
117.437306 0.042100
117.521691 0.042200
117.606275 0.042300
117.691059 0.042400
117.776044 0.042500
117.861228 0.042600
117.946613 0.042700
118.032197 0.042800
118.117982 0.042900
118.203966 0.043000
118.290150 0.043100
118.376535 0.043200
118.463119 0.043300
118.549903 0.043400
118.636888 0.043500
118.724072 0.043600
118.811456 0.043700
118.899040 0.043800
118.986825 0.043900
119.074809 0.044000
119.162993 0.044100
119.251377 0.044200
119.339961 0.044300
119.428745 0.044400
119.517730 0.044500
119.606914 0.044600
119.696298 0.044700
119.785882 0.044800
119.875666 0.044900
119.965650 0.045000
120.055834 0.045100
120.146218 0.045200
120.236802 0.045300
120.327586 0.045400
120.418570 0.045500
120.509754 0.045600
120.601138 0.045700
120.692722 0.045800
120.784506 0.045900
120.876490 0.046000
120.968673 0.046100
121.061057 0.046200
121.153641 0.046300
121.246425 0.046400
121.339409 0.046500
121.432593 0.046600
121.525976 0.046700
121.619560 0.046800
121.713344 0.046900
121.807328 0.047000
121.901511 0.047100
121.995895 0.047200
122.090479 0.047300
122.185263 0.047400
122.280246 0.047500
122.375430 0.047600
122.470814 0.047700
122.566397 0.047800
122.662181 0.047900
122.758165 0.048000
122.854348 0.048100
122.950732 0.048200
123.047315 0.048300
123.144099 0.048400
123.241082 0.048500
123.338266 0.048600
123.435649 0.048700
123.533233 0.048800
123.631017 0.048900
123.729000 0.049000
123.827183 0.049100
123.925567 0.049200
124.024150 0.049300
124.122934 0.049400
124.221917 0.049500
124.321101 0.049600
124.420484 0.049700
124.520067 0.049800
124.619851 0.049900
124.719834 0.050000
124.820018 0.050100
124.920401 0.050200
125.020984 0.050300
125.121768 0.050400
125.222751 0.050500
125.323934 0.050600
125.425317 0.050700
125.526901 0.050800
125.628684 0.050900
125.730667 0.051000
125.832851 0.051100
125.935234 0.051200
126.037817 0.051300
126.140600 0.051400
126.243583 0.051500
126.346767 0.051600
126.450150 0.051700
126.553733 0.051800
126.657516 0.051900
126.761499 0.052000
126.865682 0.052100
126.970065 0.052200
127.074649 0.052300
127.179432 0.052400
127.284415 0.052500
127.389598 0.052600
127.494981 0.052700
127.600564 0.052800
127.706347 0.052900
127.812330 0.053000
127.918513 0.053100
128.024896 0.053200
128.131479 0.053300
128.238262 0.053400
128.345245 0.053500
128.452428 0.053600
128.559811 0.053700
128.667394 0.053800
128.775177 0.053900
128.883160 0.054000
128.991343 0.054100
129.099726 0.054200
129.208309 0.054300
129.317092 0.054400
129.426074 0.054500
129.535257 0.054600
129.644640 0.054700
129.754223 0.054800
129.864006 0.054900
129.973989 0.055000
130.084172 0.055100
130.194554 0.055200
130.305137 0.055300
130.415920 0.055400
130.526903 0.055500
130.638085 0.055600
130.749468 0.055700
130.861051 0.055800
130.972834 0.055900
131.084817 0.056000
131.196999 0.056100
131.309382 0.056200
131.421965 0.056300
131.534747 0.056400
131.647730 0.056500
131.760913 0.056600
131.874295 0.056700
131.987878 0.056800
132.101661 0.056900
132.215643 0.057000
132.329826 0.057100
132.444209 0.057200
132.558791 0.057300
132.673574 0.057400
132.788557 0.057500
132.903739 0.057600
133.019122 0.057700
133.134704 0.057800
133.250487 0.057900
133.366470 0.058000
133.482652 0.058100
133.599035 0.058200
133.715617 0.058300
133.832400 0.058400
133.949382 0.058500
134.066565 0.058600
134.183947 0.058700
134.301530 0.058800
134.419312 0.058900
134.537295 0.059000
134.655477 0.059100
134.773860 0.059200
134.892442 0.059300
135.011225 0.059400
135.130207 0.059500
135.249389 0.059600
135.368772 0.059700
135.488354 0.059800
135.608137 0.059900
135.728119 0.060000
135.848301 0.060100
135.968684 0.060200
136.089266 0.060300
136.210049 0.060400
136.331031 0.060500
136.452213 0.060600
136.573596 0.060700
136.695178 0.060800
136.816960 0.060900
136.938943 0.061000
137.061125 0.061100
137.183507 0.061200
137.306090 0.061300
137.428872 0.061400
137.551854 0.061500
137.675036 0.061600
137.798419 0.061700
137.922001 0.061800
138.045783 0.061900
138.169765 0.062000
138.293948 0.062100
138.418330 0.062200
138.542912 0.062300
138.667694 0.062400
138.792677 0.062500
138.917859 0.062600
139.043241 0.062700
139.168823 0.062800
139.294605 0.062900
139.420587 0.063000
139.546770 0.063100
139.673152 0.063200
139.799734 0.063300
139.926516 0.063400
140.053498 0.063500
140.180680 0.063600
140.308062 0.063700
140.435645 0.063800
140.563427 0.063900
140.691409 0.064000
140.819591 0.064100
140.947973 0.064200
141.076555 0.064300
141.205337 0.064400
141.334319 0.064500
141.463501 0.064600
141.592883 0.064700
141.722465 0.064800
141.852247 0.064900
141.982229 0.065000
142.112411 0.065100
142.242793 0.065200
142.373375 0.065300
142.504157 0.065400
142.635139 0.065500
142.766321 0.065600
142.897703 0.065700
143.029285 0.065800
143.161067 0.065900
143.293049 0.066000
143.425231 0.066100
143.557613 0.066200
143.690195 0.066300
143.822977 0.066400
143.955959 0.066500
144.089141 0.066600
144.222523 0.066700
144.356105 0.066800
144.489886 0.066900
144.623868 0.067000
144.758050 0.067100
144.892432 0.067200
145.027014 0.067300
145.161796 0.067400
145.296778 0.067500
145.431960 0.067600
145.567341 0.067700
145.702923 0.067800
145.838705 0.067900
145.974687 0.068000
146.110869 0.068100
146.247250 0.068200
146.383832 0.068300
146.520614 0.068400
146.657596 0.068500
146.794778 0.068600
146.932159 0.068700
147.069741 0.068800
147.207523 0.068900
147.345505 0.069000
147.483686 0.069100
147.622068 0.069200
147.760650 0.069300
147.899432 0.069400
148.038413 0.069500
148.177595 0.069600
148.316977 0.069700
148.456559 0.069800
148.596340 0.069900
148.736322 0.070000
148.876504 0.070100
149.016885 0.070200
149.157467 0.070300
149.298249 0.070400
149.439230 0.070500
149.580412 0.070600
149.721794 0.070700
149.863375 0.070800
150.005157 0.070900
150.147139 0.071000
150.289320 0.071100
150.431702 0.071200
150.574283 0.071300
150.717065 0.071400
150.860047 0.071500
151.003228 0.071600
151.146610 0.071700
151.290191 0.071800
151.433973 0.071900
151.577955 0.072000
151.722136 0.072100
151.866518 0.072200
152.011099 0.072300
152.155881 0.072400
152.300862 0.072500
152.446044 0.072600
152.591425 0.072700
152.737007 0.072800
152.882788 0.072900
153.028770 0.073000
153.174951 0.073100
153.321333 0.073200
153.467914 0.073300
153.614696 0.073400
153.761677 0.073500
153.908859 0.073600
154.056240 0.073700
154.203822 0.073800
154.351603 0.073900
154.499585 0.074000
154.647766 0.074100
154.796148 0.074200
154.944729 0.074300
155.093511 0.074400
155.242492 0.074500
155.391673 0.074600
155.541055 0.074700
155.690636 0.074800
155.840418 0.074900
155.990399 0.075000
156.140580 0.075100
156.290962 0.075200
156.441543 0.075300
156.592325 0.075400
156.743306 0.075500
156.894487 0.075600
157.045869 0.075700
157.197450 0.075800
157.349231 0.075900
157.501213 0.076000
157.653394 0.076100
157.805775 0.076200
157.958357 0.076300
158.111138 0.076400
158.264119 0.076500
158.417301 0.076600
158.570682 0.076700
158.724263 0.076800
158.878044 0.076900
159.032026 0.077000
159.186207 0.077100
159.340588 0.077200
159.495170 0.077300
159.649951 0.077400
159.804932 0.077500
159.960113 0.077600
160.115495 0.077700
160.271076 0.077800
160.426857 0.077900
160.582838 0.078000
160.739020 0.078100
160.895401 0.078200
161.051982 0.078300
161.208763 0.078400
161.365744 0.078500
161.522926 0.078600
161.680307 0.078700
161.837888 0.078800
161.995669 0.078900
162.153650 0.079000
162.311831 0.079100
162.470213 0.079200
162.628794 0.079300
162.787575 0.079400
162.946556 0.079500
163.105737 0.079600
163.265118 0.079700
163.424700 0.079800
163.584481 0.079900
163.744462 0.080000
163.904643 0.080100
164.065024 0.080200
164.225605 0.080300
164.386386 0.080400
164.547367 0.080500
164.708548 0.080600
164.869930 0.080700
165.031511 0.080800
165.193292 0.080900
165.355273 0.081000
165.517454 0.081100
165.679835 0.081200
165.842416 0.081300
166.005197 0.081400
166.168178 0.081500
166.331359 0.081600
166.494740 0.081700
166.658321 0.081800
166.822102 0.081900
166.986083 0.082000
167.150264 0.082100
167.314645 0.082200
167.479226 0.082300
167.644007 0.082400
167.808988 0.082500
167.974169 0.082600
168.139550 0.082700
168.305131 0.082800
168.470912 0.082900
168.636893 0.083000
168.803074 0.083100
168.969455 0.083200
169.136036 0.083300
169.302817 0.083400
169.469798 0.083500
169.636979 0.083600
169.804360 0.083700
169.971941 0.083800
170.139722 0.083900
170.307703 0.084000
170.475883 0.084100
170.644264 0.084200
170.812845 0.084300
170.981626 0.084400
171.150607 0.084500
171.319788 0.084600
171.489169 0.084700
171.658750 0.084800
171.828531 0.084900
171.998511 0.085000
172.168692 0.085100
172.339073 0.085200
172.509654 0.085300
172.680435 0.085400
172.851416 0.085500
173.022597 0.085600
173.193977 0.085700
173.365558 0.085800
173.537339 0.085900
173.709320 0.086000
173.881501 0.086100
174.053881 0.086200
174.226462 0.086300
174.399243 0.086400
174.572224 0.086500
174.745405 0.086600
174.918785 0.086700
175.092366 0.086800
175.266147 0.086900
175.440128 0.087000
175.614309 0.087100
175.788689 0.087200
175.963270 0.087300
176.138051 0.087400
176.313032 0.087500
176.488212 0.087600
176.663593 0.087700
176.839174 0.087800
177.014955 0.087900
177.190935 0.088000
177.367116 0.088100
177.543497 0.088200
177.720077 0.088300
177.896858 0.088400
178.073839 0.088500
178.251019 0.088600
178.428400 0.088700
178.605981 0.088800
178.783762 0.088900
178.961742 0.089000
179.139923 0.089100
179.318304 0.089200
179.496884 0.089300
179.675665 0.089400
179.854646 0.089500
180.033826 0.089600
180.213207 0.089700
180.392787 0.089800
180.572568 0.089900
180.752549 0.090000
180.932729 0.090100
181.113110 0.090200
181.293691 0.090300
181.474471 0.090400
181.655452 0.090500
181.836632 0.090600
182.018013 0.090700
182.199594 0.090800
182.381374 0.090900
182.563355 0.091000
182.745535 0.091100
182.927916 0.091200
183.110496 0.091300
183.293277 0.091400
183.476258 0.091500
183.659438 0.091600
183.842819 0.091700
184.026399 0.091800
184.210180 0.091900
184.394160 0.092000
184.578341 0.092100
184.762721 0.092200
184.947302 0.092300
185.132082 0.092400
185.317063 0.092500
185.502243 0.092600
185.687624 0.092700
185.873204 0.092800
186.058985 0.092900
186.244965 0.093000
186.431146 0.093100
186.617526 0.093200
186.804107 0.093300
186.990887 0.093400
187.177868 0.093500
187.365048 0.093600
187.552429 0.093700
187.740009 0.093800
187.927790 0.093900
188.115770 0.094000
188.303951 0.094100
188.492331 0.094200
188.680911 0.094300
188.869692 0.094400
189.058672 0.094500
189.247853 0.094600
189.437233 0.094700
189.626813 0.094800
189.816594 0.094900
190.006574 0.095000
190.196755 0.095100
190.387135 0.095200
190.577715 0.095300
190.768496 0.095400
190.959476 0.095500
191.150657 0.095600
191.342037 0.095700
191.533617 0.095800
191.725398 0.095900
191.917378 0.096000
192.109558 0.096100
192.301939 0.096200
192.494519 0.096300
192.687299 0.096400
192.880280 0.096500
193.073460 0.096600
193.266840 0.096700
193.460421 0.096800
193.654201 0.096900
193.848181 0.097000
194.042362 0.097100
194.236742 0.097200
194.431322 0.097300
194.626103 0.097400
194.821083 0.097500
195.016263 0.097600
195.211643 0.097700
195.407224 0.097800
195.603004 0.097900
195.798984 0.098000
195.995164 0.098100
196.191545 0.098200
196.388125 0.098300
196.584905 0.098400
196.781885 0.098500
196.979066 0.098600
197.176446 0.098700
197.374026 0.098800
197.571806 0.098900
197.769787 0.099000
197.967967 0.099100
198.166347 0.099200
198.364927 0.099300
198.563707 0.099400
198.762688 0.099500
198.961868 0.099600
199.161248 0.099700
199.360828 0.099800
199.560608 0.099900
199.760589 0.100000
199.960769 0.100100
200.161149 0.100200
200.361729 0.100300
200.562509 0.100400
200.763489 0.100500
200.964670 0.100600
201.166050 0.100700
201.367630 0.100800
201.569410 0.100900
201.771390 0.101000
201.973570 0.101100
202.175950 0.101200
202.378531 0.101300
202.581311 0.101400
202.784291 0.101500
202.987471 0.101600
203.190851 0.101700
203.394431 0.101800
203.598211 0.101900
203.802191 0.102000
204.006371 0.102100
204.210751 0.102200
204.415332 0.102300
204.620112 0.102400
204.825092 0.102500
205.030272 0.102600
205.235652 0.102700
205.441232 0.102800
205.647012 0.102900
205.852992 0.103000
206.059172 0.103100
206.265552 0.103200
206.472132 0.103300
206.678912 0.103400
206.885892 0.103500
207.093072 0.103600
207.300452 0.103700
207.508032 0.103800
207.715812 0.103900
207.923792 0.104000
208.131972 0.104100
208.340352 0.104200
208.548932 0.104300
208.757712 0.104400
208.966692 0.104500
209.175872 0.104600
209.385252 0.104700
209.594832 0.104800
209.804612 0.104900
210.014592 0.105000
210.224772 0.105100
210.435152 0.105200
210.645732 0.105300
210.856512 0.105400
211.067492 0.105500
211.278672 0.105600
211.490052 0.105700
211.701632 0.105800
211.913412 0.105900
212.125392 0.106000
212.337571 0.106100
212.549951 0.106200
212.762531 0.106300
212.975311 0.106400
213.188291 0.106500
213.401471 0.106600
213.614851 0.106700
213.828431 0.106800
214.042211 0.106900
214.256191 0.107000
214.470370 0.107100
214.684750 0.107200
214.899330 0.107300
215.114110 0.107400
215.329090 0.107500
215.544270 0.107600
215.759650 0.107700
215.975229 0.107800
216.191009 0.107900
216.406989 0.108000
216.623169 0.108100
216.839549 0.108200
217.056129 0.108300
217.272908 0.108400
217.489888 0.108500
217.707068 0.108600
217.924448 0.108700
218.142028 0.108800
218.359808 0.108900
218.577787 0.109000
218.795967 0.109100
219.014347 0.109200
219.232927 0.109300
219.451706 0.109400
219.670686 0.109500
219.889866 0.109600
220.109246 0.109700
220.328826 0.109800
220.548605 0.109900
220.768585 0.110000
220.988765 0.110100
221.209145 0.110200
221.429724 0.110300
221.650504 0.110400
221.871484 0.110500
222.092664 0.110600
222.314043 0.110700
222.535623 0.110800
222.757403 0.110900
222.979382 0.111000
223.201562 0.111100
223.423942 0.111200
223.646522 0.111300
223.869301 0.111400
224.092281 0.111500
224.315461 0.111600
224.538840 0.111700
224.762420 0.111800
224.986200 0.111900
225.210179 0.112000
225.434359 0.112100
225.658739 0.112200
225.883318 0.112300
226.108098 0.112400
226.333078 0.112500
226.558257 0.112600
226.783637 0.112700
227.009217 0.112800
227.234996 0.112900
227.460976 0.113000
227.687156 0.113100
227.913535 0.113200
228.140115 0.113300
228.366894 0.113400
228.593874 0.113500
228.821054 0.113600
229.048433 0.113700
229.276013 0.113800
229.503793 0.113900
229.731772 0.114000
229.959952 0.114100
230.188331 0.114200
230.416911 0.114300
230.645690 0.114400
230.874670 0.114500
231.103850 0.114600
231.333229 0.114700
231.562809 0.114800
231.792588 0.114900
232.022568 0.115000
232.252747 0.115100
232.483127 0.115200
232.713707 0.115300
232.944486 0.115400
233.175466 0.115500
233.406645 0.115600
233.638025 0.115700
233.869604 0.115800
234.101384 0.115900
234.333363 0.116000
234.565543 0.116100
234.797922 0.116200
235.030502 0.116300
235.263281 0.116400
235.496261 0.116500
235.729440 0.116600
235.962820 0.116700
236.196399 0.116800
236.430179 0.116900
236.664158 0.117000
236.898338 0.117100
237.132717 0.117200
237.367297 0.117300
237.602076 0.117400
237.837055 0.117500
238.072235 0.117600
238.307614 0.117700
238.543194 0.117800
238.778973 0.117900
239.014953 0.118000
239.251132 0.118100
239.487512 0.118200
239.724091 0.118300
239.960870 0.118400
240.197850 0.118500
240.435029 0.118600
240.672409 0.118700
240.909988 0.118800
241.147767 0.118900
241.385747 0.119000
241.623926 0.119100
241.862306 0.119200
242.100885 0.119300
242.339664 0.119400
242.578644 0.119500
242.817823 0.119600
243.057203 0.119700
243.296782 0.119800
243.536561 0.119900
243.776541 0.120000
244.016720 0.120100
244.257099 0.120200
244.497679 0.120300
244.738458 0.120400
244.979437 0.120500
245.220617 0.120600
245.461996 0.120700
245.703575 0.120800
245.945355 0.120900
246.187334 0.121000
246.429513 0.121100
246.671893 0.121200
246.914472 0.121300
247.157251 0.121400
247.400231 0.121500
247.643410 0.121600
247.886789 0.121700
248.130368 0.121800
248.374148 0.121900
248.618127 0.122000
248.862306 0.122100
249.106686 0.122200
249.351265 0.122300
249.596044 0.122400
249.841023 0.122500
250.086203 0.122600
250.331582 0.122700
250.577161 0.122800
250.822940 0.122900
251.068920 0.123000
251.315099 0.123100
251.561478 0.123200
251.808057 0.123300
252.054836 0.123400
252.301816 0.123500
252.548995 0.123600
252.796374 0.123700
253.043953 0.123800
253.291733 0.123900
253.539712 0.124000
253.787891 0.124100
254.036270 0.124200
254.284849 0.124300
254.533629 0.124400
254.782608 0.124500
255.031787 0.124600
255.281166 0.124700
255.530745 0.124800
255.780524 0.124900
256.030504 0.125000
256.280683 0.125100
256.531062 0.125200
256.781641 0.125300
257.032420 0.125400
257.283399 0.125500
257.534578 0.125600
257.785958 0.125700
258.037537 0.125800
258.289316 0.125900
258.541295 0.126000
258.793474 0.126100
259.045853 0.126200
259.298432 0.126300
259.551211 0.126400
259.804191 0.126500
260.057370 0.126600
260.310749 0.126700
260.564328 0.126800
260.818107 0.126900
261.072086 0.127000
261.326265 0.127100
261.580644 0.127200
261.835223 0.127300
262.090002 0.127400
262.344981 0.127500
262.600160 0.127600
262.855540 0.127700
263.111119 0.127800
263.366898 0.127900
263.622877 0.128000
263.879056 0.128100
264.135435 0.128200
264.392014 0.128300
264.648793 0.128400
264.905772 0.128500
265.162951 0.128600
265.420330 0.128700
265.677909 0.128800
265.935688 0.128900
266.193667 0.129000
266.451846 0.129100
266.710225 0.129200
266.968804 0.129300
267.227583 0.129400
267.486562 0.129500
267.745741 0.129600
268.005120 0.129700
268.264699 0.129800
268.524478 0.129900
268.784457 0.130000
269.044636 0.130100
269.305015 0.130200
269.565594 0.130300
269.826373 0.130400
270.087352 0.130500
270.348531 0.130600
270.609910 0.130700
270.871488 0.130800
271.133267 0.130900
271.395246 0.131000
271.657425 0.131100
271.919804 0.131200
272.182383 0.131300
272.445162 0.131400
272.708141 0.131500
272.971320 0.131600
273.234699 0.131700
273.498278 0.131800
273.762057 0.131900
274.026035 0.132000
274.290214 0.132100
274.554593 0.132200
274.819172 0.132300
275.083951 0.132400
275.348930 0.132500
275.614109 0.132600
275.879488 0.132700
276.145066 0.132800
276.410845 0.132900
276.676824 0.133000
276.943003 0.133100
277.209382 0.133200
277.475961 0.133300
277.742740 0.133400
278.009718 0.133500
278.276897 0.133600
278.544276 0.133700
278.811855 0.133800
279.079634 0.133900
279.347613 0.134000
279.615791 0.134100
279.884170 0.134200
280.152749 0.134300
280.421528 0.134400
280.690507 0.134500
280.959685 0.134600
281.229064 0.134700
281.498643 0.134800
281.768422 0.134900
282.038401 0.135000
282.308579 0.135100
282.578958 0.135200
282.849537 0.135300
283.120316 0.135400
283.391294 0.135500
283.662473 0.135600
283.933852 0.135700
284.205431 0.135800
284.477209 0.135900
284.749188 0.136000
285.021367 0.136100
285.293746 0.136200
285.566324 0.136300
285.839103 0.136400
286.112082 0.136500
286.385261 0.136600
286.658639 0.136700
286.932218 0.136800
287.205997 0.136900
287.479975 0.137000
287.754154 0.137100
288.028533 0.137200
288.303112 0.137300
288.577890 0.137400
288.852869 0.137500
289.128048 0.137600
289.403426 0.137700
289.679005 0.137800
289.954784 0.137900
290.230762 0.138000
290.506941 0.138100
290.783320 0.138200
291.059898 0.138300
291.336677 0.138400
291.613656 0.138500
291.890834 0.138600
292.168213 0.138700
292.445791 0.138800
292.723570 0.138900
293.001549 0.139000
293.279727 0.139100
293.558106 0.139200
293.836685 0.139300
294.115463 0.139400
294.394442 0.139500
294.673620 0.139600
294.952999 0.139700
295.232578 0.139800
295.512356 0.139900
295.792335 0.140000
296.072513 0.140100
296.352892 0.140200
296.633471 0.140300
296.914249 0.140400
297.195228 0.140500
297.476406 0.140600
297.757785 0.140700
298.039363 0.140800
298.321142 0.140900
298.603121 0.141000
298.885299 0.141100
299.167678 0.141200
299.450256 0.141300
299.733035 0.141400
300.016013 0.141500
300.299183 0.141600
300.582543 0.141700
300.866093 0.141800
301.149832 0.141900
301.433763 0.142000
301.717888 0.142100
302.002207 0.142200
302.286723 0.142300
302.571436 0.142400
302.856347 0.142500
303.141458 0.142600
303.426767 0.142700
303.712276 0.142800
303.997985 0.142900
304.283893 0.143000
304.570001 0.143100
304.856309 0.143200
305.142817 0.143300
305.429524 0.143400
305.716432 0.143500
306.003539 0.143600
306.290847 0.143700
306.578354 0.143800
306.866062 0.143900
307.153969 0.144000
307.442076 0.144100
307.730384 0.144200
308.018891 0.144300
308.307598 0.144400
308.596505 0.144500
308.885612 0.144600
309.174919 0.144700
309.464426 0.144800
309.754132 0.144900
310.044039 0.145000
310.334146 0.145100
310.624453 0.145200
310.914959 0.145300
311.205666 0.145400
311.496572 0.145500
311.787679 0.145600
312.078985 0.145700
312.370492 0.145800
312.662198 0.145900
312.954104 0.146000
313.246210 0.146100
313.538516 0.146200
313.831023 0.146300
314.123729 0.146400
314.416635 0.146500
314.709741 0.146600
315.003046 0.146700
315.296552 0.146800
315.590258 0.146900
315.884164 0.147000
316.178269 0.147100
316.472575 0.147200
316.767081 0.147300
317.061786 0.147400
317.356692 0.147500
317.651797 0.147600
317.947102 0.147700
318.242608 0.147800
318.538313 0.147900
318.834218 0.148000
319.130323 0.148100
319.426628 0.148200
319.723133 0.148300
320.019838 0.148400
320.316743 0.148500
320.613848 0.148600
320.911153 0.148700
321.208658 0.148800
321.506362 0.148900
321.804267 0.149000
322.102372 0.149100
322.400676 0.149200
322.699181 0.149300
322.997885 0.149400
323.296789 0.149500
323.595894 0.149600
323.895198 0.149700
324.194702 0.149800
324.494407 0.149900
324.794311 0.150000
325.094415 0.150100
325.394719 0.150200
325.695223 0.150300
325.995927 0.150400
326.296831 0.150500
326.597934 0.150600
326.899238 0.150700
327.200742 0.150800
327.502445 0.150900
327.804349 0.151000
328.106453 0.151100
328.408756 0.151200
328.711260 0.151300
329.013963 0.151400
329.316866 0.151500
329.619970 0.151600
329.923273 0.151700
330.226776 0.151800
330.530479 0.151900
330.834382 0.152000
331.138485 0.152100
331.442788 0.152200
331.747291 0.152300
332.051994 0.152400
332.356897 0.152500
332.661999 0.152600
332.967302 0.152700
333.272805 0.152800
333.578507 0.152900
333.884410 0.153000
334.190512 0.153100
334.496815 0.153200
334.803317 0.153300
335.110020 0.153400
335.416922 0.153500
335.724024 0.153600
336.031326 0.153700
336.338828 0.153800
336.646530 0.153900
336.954432 0.154000
337.262534 0.154100
337.570836 0.154200
337.879338 0.154300
338.188040 0.154400
338.496942 0.154500
338.806043 0.154600
339.115345 0.154700
339.424847 0.154800
339.734548 0.154900
340.044450 0.155000
340.354551 0.155100
340.664852 0.155200
340.975354 0.155300
341.286055 0.155400
341.596956 0.155500
341.908057 0.155600
342.219358 0.155700
342.530859 0.155800
342.842560 0.155900
343.154461 0.156000
343.466562 0.156100
343.778863 0.156200
344.091364 0.156300
344.404065 0.156400
344.716965 0.156500
345.030066 0.156600
345.343367 0.156700
345.656867 0.156800
345.970568 0.156900
346.284468 0.157000
346.598568 0.157100
346.912869 0.157200
347.227369 0.157300
347.542069 0.157400
347.856969 0.157500
348.172069 0.157600
348.487369 0.157700
348.802869 0.157800
349.118569 0.157900
349.434469 0.158000
349.750569 0.158100
350.066869 0.158200
350.383369 0.158300
350.700068 0.158400
351.016968 0.158500
351.334067 0.158600
351.651367 0.158700
351.968866 0.158800
352.286566 0.158900
352.604465 0.159000
352.922565 0.159100
353.240864 0.159200
353.559363 0.159300
353.878062 0.159400
354.196961 0.159500
354.516060 0.159600
354.835359 0.159700
355.154858 0.159800
355.474557 0.159900
355.794456 0.160000
356.114555 0.160100
356.434853 0.160200
356.755352 0.160300
357.076051 0.160400
357.396949 0.160500
357.718048 0.160600
358.039346 0.160700
358.360845 0.160800
358.682543 0.160900
359.004441 0.161000
359.326540 0.161100
359.648838 0.161200
359.971336 0.161300
360.294034 0.161400
360.616932 0.161500
360.940030 0.161600
361.263328 0.161700
361.586826 0.161800
361.910524 0.161900
362.234421 0.162000
362.558519 0.162100
362.882817 0.162200
363.207314 0.162300
363.532012 0.162400
363.856909 0.162500
364.182007 0.162600
364.507304 0.162700
364.832802 0.162800
365.158499 0.162900
365.484396 0.163000
365.810493 0.163100
366.136790 0.163200
366.463288 0.163300
366.789985 0.163400
367.116882 0.163500
367.443978 0.163600
367.771275 0.163700
368.098772 0.163800
368.426469 0.163900
368.754366 0.164000
369.082462 0.164100
369.410759 0.164200
369.739255 0.164300
370.067952 0.164400
370.396848 0.164500
370.725945 0.164600
371.055241 0.164700
371.384737 0.164800
371.714434 0.164900
372.044330 0.165000
372.374426 0.165100
372.704722 0.165200
373.035218 0.165300
373.365914 0.165400
373.696810 0.165500
374.027906 0.165600
374.359202 0.165700
374.690697 0.165800
375.022393 0.165900
375.354289 0.166000
375.686384 0.166100
376.018680 0.166200
376.351175 0.166300
376.683871 0.166400
377.016766 0.166500
377.349861 0.166600
377.683157 0.166700
378.016652 0.166800
378.350347 0.166900
378.684242 0.167000
379.018337 0.167100
379.352632 0.167200
379.687127 0.167300
380.021822 0.167400
380.356717 0.167500
380.691812 0.167600
381.027107 0.167700
381.362601 0.167800
381.698296 0.167900
382.034191 0.168000
382.370285 0.168100
382.706580 0.168200
383.043074 0.168300
383.379768 0.168400
383.716663 0.168500
384.053757 0.168600
384.391051 0.168700
384.728545 0.168800
385.066240 0.168900
385.404134 0.169000
385.742228 0.169100
386.080522 0.169200
386.419015 0.169300
386.757709 0.169400
387.096603 0.169500
387.435697 0.169600
387.774991 0.169700
388.114484 0.169800
388.454178 0.169900
388.794071 0.170000
389.134165 0.170100
389.474458 0.170200
389.814952 0.170300
390.155645 0.170400
390.496538 0.170500
390.837631 0.170600
391.178925 0.170700
391.520418 0.170800
391.862111 0.170900
392.204004 0.171000
392.546097 0.171100
392.888390 0.171200
393.230882 0.171300
393.573575 0.171400
393.916468 0.171500
394.259561 0.171600
394.602853 0.171700
394.946346 0.171800
395.290038 0.171900
395.633931 0.172000
395.978023 0.172100
396.322316 0.172200
396.666808 0.172300
397.011500 0.172400
397.356392 0.172500
397.701485 0.172600
398.046777 0.172700
398.392269 0.172800
398.737961 0.172900
399.083853 0.173000
399.429945 0.173100
399.776236 0.173200
400.122728 0.173300
400.469434 0.173400
400.816354 0.173500
401.163489 0.173600
401.510836 0.173700
401.858394 0.173800
402.206160 0.173900
402.554130 0.174000
402.902303 0.174100
403.250679 0.174200
403.599255 0.174300
403.948032 0.174400
404.297009 0.174500
404.646186 0.174600
404.995563 0.174700
405.345141 0.174800
405.694918 0.174900
406.044896 0.175000
406.395073 0.175100
406.745450 0.175200
407.096028 0.175300
407.446805 0.175400
407.797782 0.175500
408.148959 0.175600
408.500337 0.175700
408.851914 0.175800
409.203691 0.175900
409.555669 0.176000
409.907846 0.176100
410.260223 0.176200
410.612800 0.176300
410.965578 0.176400
411.318555 0.176500
411.671732 0.176600
412.025109 0.176700
412.378687 0.176800
412.732464 0.176900
413.086441 0.177000
413.440618 0.177100
413.794996 0.177200
414.149573 0.177300
414.504350 0.177400
414.859327 0.177500
415.214505 0.177600
415.569882 0.177700
415.925459 0.177800
416.281236 0.177900
416.637214 0.178000
416.993391 0.178100
417.349768 0.178200
417.706345 0.178300
418.063122 0.178400
418.420100 0.178500
418.777277 0.178600
419.134654 0.178700
419.492231 0.178800
419.850008 0.178900
420.207985 0.179000
420.566163 0.179100
420.924540 0.179200
421.283117 0.179300
421.641894 0.179400
422.000871 0.179500
422.360048 0.179600
422.719426 0.179700
423.079003 0.179800
423.438780 0.179900
423.798757 0.180000
424.158934 0.180100
424.519311 0.180200
424.879888 0.180300
425.240666 0.180400
425.601643 0.180500
425.962820 0.180600
426.324197 0.180700
426.685774 0.180800
427.047551 0.180900
427.409528 0.181000
427.771705 0.181100
428.134082 0.181200
428.496660 0.181300
428.859437 0.181400
429.222414 0.181500
429.585591 0.181600
429.948968 0.181700
430.312545 0.181800
430.676322 0.181900
431.040299 0.182000
431.404476 0.182100
431.768853 0.182200
432.133430 0.182300
432.498207 0.182400
432.863184 0.182500
433.228362 0.182600
433.593739 0.182700
433.959316 0.182800
434.325093 0.182900
434.691070 0.183000
435.057247 0.183100
435.423624 0.183200
435.790201 0.183300
436.156978 0.183400
436.523955 0.183500
436.891132 0.183600
437.258509 0.183700
437.626086 0.183800
437.993863 0.183900
438.361840 0.184000
438.730017 0.184100
439.098394 0.184200
439.466971 0.184300
439.835748 0.184400
440.204725 0.184500
440.573902 0.184600
440.943279 0.184700
441.312856 0.184800
441.682633 0.184900
442.052610 0.185000
442.422787 0.185100
442.793164 0.185200
443.163741 0.185300
443.534517 0.185400
443.905494 0.185500
444.276671 0.185600
444.648048 0.185700
445.019625 0.185800
445.391402 0.185900
445.763379 0.186000
446.135556 0.186100
446.507933 0.186200
446.880510 0.186300
447.253287 0.186400
447.626264 0.186500
447.999441 0.186600
448.372818 0.186700
448.746394 0.186800
449.120171 0.186900
449.494148 0.187000
449.868325 0.187100
450.242702 0.187200
450.617279 0.187300
450.992056 0.187400
451.367033 0.187500
451.742210 0.187600
452.117586 0.187700
452.493163 0.187800
452.868940 0.187900
453.244917 0.188000
453.621094 0.188100
453.997471 0.188200
454.374048 0.188300
454.750824 0.188400
455.127801 0.188500
455.504978 0.188600
455.882355 0.188700
456.259932 0.188800
456.637709 0.188900
457.015685 0.189000
457.393862 0.189100
457.772239 0.189200
458.150816 0.189300
458.529593 0.189400
458.908569 0.189500
459.287746 0.189600
459.667123 0.189700
460.046700 0.189800
460.426477 0.189900
460.806453 0.190000
461.186630 0.190100
461.567007 0.190200
461.947584 0.190300
462.328361 0.190400
462.709337 0.190500
463.090514 0.190600
463.471891 0.190700
463.853468 0.190800
464.235244 0.190900
464.617221 0.191000
464.999398 0.191100
465.381775 0.191200
465.764351 0.191300
466.147128 0.191400
466.530105 0.191500
466.913282 0.191600
467.296658 0.191700
467.680235 0.191800
468.064012 0.191900
468.447988 0.192000
468.832165 0.192100
469.216542 0.192200
469.601119 0.192300
469.985895 0.192400
470.370872 0.192500
470.756049 0.192600
471.141425 0.192700
471.527002 0.192800
471.912779 0.192900
472.298755 0.193000
472.684932 0.193100
473.071309 0.193200
473.457885 0.193300
473.844662 0.193400
474.231639 0.193500
474.618815 0.193600
475.006192 0.193700
475.393769 0.193800
475.781545 0.193900
476.169522 0.194000
476.557699 0.194100
476.946075 0.194200
477.334652 0.194300
477.723429 0.194400
478.112405 0.194500
478.501582 0.194600
478.890958 0.194700
479.280535 0.194800
479.670312 0.194900
480.060288 0.195000
480.450465 0.195100
480.840841 0.195200
481.231418 0.195300
481.622195 0.195400
482.013171 0.195500
482.404348 0.195600
482.795724 0.195700
483.187301 0.195800
483.579078 0.195900
483.971054 0.196000
484.363231 0.196100
484.755607 0.196200
485.148184 0.196300
485.540960 0.196400
485.933937 0.196500
486.327114 0.196600
486.720490 0.196700
487.114067 0.196800
487.507843 0.196900
487.901820 0.197000
488.295996 0.197100
488.690373 0.197200
489.084949 0.197300
489.479726 0.197400
489.874702 0.197500
490.269879 0.197600
490.665255 0.197700
491.060832 0.197800
491.456608 0.197900
491.852585 0.198000
492.248761 0.198100
492.645138 0.198200
493.041714 0.198300
493.438491 0.198400
493.835467 0.198500
494.232644 0.198600
494.630020 0.198700
495.027597 0.198800
495.425373 0.198900
495.823350 0.199000
496.221526 0.199100
496.619903 0.199200
497.018479 0.199300
497.417256 0.199400
497.816232 0.199500
498.215409 0.199600
498.614785 0.199700
499.014361 0.199800
499.414138 0.199900
499.814114 0.200000
500.214291 0.200100
500.614667 0.200200
501.015244 0.200300
501.416020 0.200400
501.816996 0.200500
502.218173 0.200600
502.619549 0.200700
503.021126 0.200800
503.422902 0.200900
503.824878 0.201000
504.227055 0.201100
504.629431 0.201200
505.032008 0.201300
505.434784 0.201400
505.837760 0.201500
506.240937 0.201600
506.644313 0.201700
507.047890 0.201800
507.451666 0.201900
507.855642 0.202000
508.259819 0.202100
508.664195 0.202200
509.068771 0.202300
509.473548 0.202400
509.878524 0.202500
510.283700 0.202600
510.689077 0.202700
511.094653 0.202800
511.500429 0.202900
511.906406 0.203000
512.312582 0.203100
512.718958 0.203200
513.125535 0.203300
513.532311 0.203400
513.939287 0.203500
514.346464 0.203600
514.753840 0.203700
515.161416 0.203800
515.569193 0.203900
515.977169 0.204000
516.385345 0.204100
516.793721 0.204200
517.202298 0.204300
517.611074 0.204400
518.020050 0.204500
518.429227 0.204600
518.838603 0.204700
519.248179 0.204800
519.657955 0.204900
520.067932 0.205000
520.478108 0.205100
520.888484 0.205200
521.299060 0.205300
521.709837 0.205400
522.120813 0.205500
522.531989 0.205600
522.943365 0.205700
523.354942 0.205800
523.766718 0.205900
524.178694 0.206000
524.590870 0.206100
525.003246 0.206200
525.415823 0.206300
525.828599 0.206400
526.241575 0.206500
526.654751 0.206600
527.068127 0.206700
527.481704 0.206800
527.895480 0.206900
528.309456 0.207000
528.723632 0.207100
529.138008 0.207200
529.552585 0.207300
529.967361 0.207400
530.382337 0.207500
530.797513 0.207600
531.212889 0.207700
531.628465 0.207800
532.044242 0.207900
532.460218 0.208000
532.876394 0.208100
533.292770 0.208200
533.709346 0.208300
534.126122 0.208400
534.543098 0.208500
534.960275 0.208600
535.377651 0.208700
535.795227 0.208800
536.213003 0.208900
536.630979 0.209000
537.049155 0.209100
537.467531 0.209200
537.886107 0.209300
538.304884 0.209400
538.723860 0.209500
539.143036 0.209600
539.562412 0.209700
539.981988 0.209800
540.401764 0.209900
540.821740 0.210000
541.241916 0.210100
541.662292 0.210200
542.082868 0.210300
542.503644 0.210400
542.924620 0.210500
543.345796 0.210600
543.767173 0.210700
544.188749 0.210800
544.610525 0.210900
545.032501 0.211000
545.454677 0.211100
545.877053 0.211200
546.299629 0.211300
546.722405 0.211400
547.145381 0.211500
547.568557 0.211600
547.991933 0.211700
548.415509 0.211800
548.839285 0.211900
549.263261 0.212000
549.687437 0.212100
550.111813 0.212200
550.536389 0.212300
550.961165 0.212400
551.386141 0.212500
551.811317 0.212600
552.236693 0.212700
552.662269 0.212800
553.088045 0.212900
553.514021 0.213000
553.940197 0.213100
554.366573 0.213200
554.793149 0.213300
555.219925 0.213400
555.646901 0.213500
556.074077 0.213600
556.501453 0.213700
556.929029 0.213800
557.356805 0.213900
557.784781 0.214000
558.212956 0.214100
558.641332 0.214200
559.069908 0.214300
559.498684 0.214400
559.927660 0.214500
560.356836 0.214600
560.786212 0.214700
561.215788 0.214800
561.645564 0.214900
562.075540 0.215000
562.505716 0.215100
562.936092 0.215200
563.366667 0.215300
563.797443 0.215400
564.228419 0.215500
564.659595 0.215600
565.090971 0.215700
565.522547 0.215800
565.954323 0.215900
566.386299 0.216000
566.818475 0.216100
567.250850 0.216200
567.683426 0.216300
568.116202 0.216400
568.549178 0.216500
568.982354 0.216600
569.415730 0.216700
569.849306 0.216800
570.283081 0.216900
570.717057 0.217000
571.151233 0.217100
571.585609 0.217200
572.020185 0.217300
572.454961 0.217400
572.889936 0.217500
573.325112 0.217600
573.760488 0.217700
574.196064 0.217800
574.631840 0.217900
575.067815 0.218000
575.503991 0.218100
575.940367 0.218200
576.376943 0.218300
576.813719 0.218400
577.250694 0.218500
577.687870 0.218600
578.125246 0.218700
578.562822 0.218800
579.000597 0.218900
579.438573 0.219000
579.876749 0.219100
580.315125 0.219200
580.753701 0.219300
581.192476 0.219400
581.631452 0.219500
582.070628 0.219600
582.510004 0.219700
582.949579 0.219800
583.389355 0.219900
583.829331 0.220000
584.269506 0.220100
584.709882 0.220200
585.150458 0.220300
585.591234 0.220400
586.032209 0.220500
586.473385 0.220600
586.914761 0.220700
587.356336 0.220800
587.798112 0.220900
588.240088 0.221000
588.682264 0.221100
589.124639 0.221200
589.567215 0.221300
590.009991 0.221400
590.452966 0.221500
590.896142 0.221600
591.339518 0.221700
591.783093 0.221800
592.226869 0.221900
592.670845 0.222000
593.115020 0.222100
593.559396 0.222200
594.003972 0.222300
594.448747 0.222400
594.893723 0.222500
595.338899 0.222600
595.784274 0.222700
596.229850 0.222800
596.675625 0.222900
597.121601 0.223000
597.567777 0.223100
598.014152 0.223200
598.460728 0.223300
598.907504 0.223400
599.354479 0.223500
599.801655 0.223600
600.249030 0.223700
600.696606 0.223800
601.144382 0.223900
601.592357 0.224000
602.040533 0.224100
602.488908 0.224200
602.937484 0.224300
603.386260 0.224400
603.835235 0.224500
604.284411 0.224600
604.733786 0.224700
605.183362 0.224800
605.633137 0.224900
606.083113 0.225000
606.533288 0.225100
606.983664 0.225200
607.434240 0.225300
607.885015 0.225400
608.335991 0.225500
608.787166 0.225600
609.238542 0.225700
609.690117 0.225800
610.141893 0.225900
610.593868 0.226000
611.046044 0.226100
611.498419 0.226200
611.950995 0.226300
612.403770 0.226400
612.856746 0.226500
613.309921 0.226600
613.763297 0.226700
614.216872 0.226800
614.670648 0.226900
615.124623 0.227000
615.578799 0.227100
616.033174 0.227200
616.487750 0.227300
616.942525 0.227400
617.397501 0.227500
617.852676 0.227600
618.308052 0.227700
618.763627 0.227800
619.219403 0.227900
619.675378 0.228000
620.131554 0.228100
620.587929 0.228200
621.044504 0.228300
621.501280 0.228400
621.958255 0.228500
622.415431 0.228600
622.872806 0.228700
623.330382 0.228800
623.788157 0.228900
624.246132 0.229000
624.704308 0.229100
625.162683 0.229200
625.621259 0.229300
626.080034 0.229400
626.539009 0.229500
626.998185 0.229600
627.457560 0.229700
627.917136 0.229800
628.376911 0.229900
628.836886 0.230000
629.297062 0.230100
629.757437 0.230200
630.218013 0.230300
630.678788 0.230400
631.139763 0.230500
631.600939 0.230600
632.062314 0.230700
632.523889 0.230800
632.985665 0.230900
633.447640 0.231000
633.909815 0.231100
634.372191 0.231200
634.834766 0.231300
635.297541 0.231400
635.760517 0.231500
636.223692 0.231600
636.687067 0.231700
637.150643 0.231800
637.614418 0.231900
638.078393 0.232000
638.542569 0.232100
639.006944 0.232200
639.471519 0.232300
639.936295 0.232400
640.401270 0.232500
640.866445 0.232600
641.331820 0.232700
641.797396 0.232800
642.263171 0.232900
642.729146 0.233000
643.195322 0.233100
643.661697 0.233200
644.128272 0.233300
644.595047 0.233400
645.062023 0.233500
645.529198 0.233600
645.996573 0.233700
646.464148 0.233800
646.931924 0.233900
647.399899 0.234000
647.868074 0.234100
648.336449 0.234200
648.805025 0.234300
649.273800 0.234400
649.742775 0.234500
650.211950 0.234600
650.681326 0.234700
651.150901 0.234800
651.620676 0.234900
652.090651 0.235000
652.560826 0.235100
653.031202 0.235200
653.501777 0.235300
653.972552 0.235400
654.443527 0.235500
654.914702 0.235600
655.386078 0.235700
655.857653 0.235800
656.329428 0.235900
656.801403 0.236000
657.273578 0.236100
657.745953 0.236200
658.218529 0.236300
658.691304 0.236400
659.164279 0.236500
659.637454 0.236600
660.110829 0.236700
660.584404 0.236800
661.058179 0.236900
661.532155 0.237000
662.006330 0.237100
662.480705 0.237200
662.955280 0.237300
663.430055 0.237400
663.905030 0.237500
664.380205 0.237600
664.855581 0.237700
665.331156 0.237800
665.806931 0.237900
666.282906 0.238000
666.759081 0.238100
667.235456 0.238200
667.712031 0.238300
668.188806 0.238400
668.665781 0.238500
669.142956 0.238600
669.620331 0.238700
670.097907 0.238800
670.575682 0.238900
671.053657 0.239000
671.531832 0.239100
672.010207 0.239200
672.488782 0.239300
672.967557 0.239400
673.446532 0.239500
673.925707 0.239600
674.405082 0.239700
674.884657 0.239800
675.364432 0.239900
675.844407 0.240000
676.324582 0.240100
676.804957 0.240200
677.285532 0.240300
677.766307 0.240400
678.247282 0.240500
678.728457 0.240600
679.209832 0.240700
679.691407 0.240800
680.173182 0.240900
680.655157 0.241000
681.137332 0.241100
681.619707 0.241200
682.102282 0.241300
682.585057 0.241400
683.068032 0.241500
683.551207 0.241600
684.034582 0.241700
684.518157 0.241800
685.001932 0.241900
685.485907 0.242000
685.970082 0.242100
686.454457 0.242200
686.939032 0.242300
687.423807 0.242400
687.908782 0.242500
688.393957 0.242600
688.879332 0.242700
689.364907 0.242800
689.850682 0.242900
690.336657 0.243000
690.822832 0.243100
691.309207 0.243200
691.795781 0.243300
692.282556 0.243400
692.769531 0.243500
693.256706 0.243600
693.744081 0.243700
694.231656 0.243800
694.719431 0.243900
695.207406 0.244000
695.695581 0.244100
696.183956 0.244200
696.672530 0.244300
697.161305 0.244400
697.650280 0.244500
698.139455 0.244600
698.628830 0.244700
699.118405 0.244800
699.608180 0.244900
700.098155 0.245000
700.588329 0.245100
701.078704 0.245200
701.569279 0.245300
702.060054 0.245400
702.551029 0.245500
703.042204 0.245600
703.533579 0.245700
704.025153 0.245800
704.516928 0.245900
705.008903 0.246000
705.501078 0.246100
705.993453 0.246200
706.486027 0.246300
706.978802 0.246400
707.471777 0.246500
707.964952 0.246600
708.458327 0.246700
708.951901 0.246800
709.445676 0.246900
709.939651 0.247000
710.433826 0.247100
710.928201 0.247200
711.422775 0.247300
711.917550 0.247400
712.412525 0.247500
712.907700 0.247600
713.403075 0.247700
713.898649 0.247800
714.394424 0.247900
714.890399 0.248000
715.386574 0.248100
715.882948 0.248200
716.379523 0.248300
716.876298 0.248400
717.373273 0.248500
717.870447 0.248600
718.367822 0.248700
718.865397 0.248800
719.363171 0.248900
719.861146 0.249000
720.359321 0.249100
720.857696 0.249200
721.356270 0.249300
721.855045 0.249400
722.354020 0.249500
722.853194 0.249600
723.352569 0.249700
723.852144 0.249800
724.351919 0.249900
724.851893 0.250000
725.352068 0.250100
725.852443 0.250200
726.353017 0.250300
726.853792 0.250400
727.354767 0.250500
727.855941 0.250600
728.357316 0.250700
728.858891 0.250800
729.360665 0.250900
729.862640 0.251000
730.364815 0.251100
730.867189 0.251200
731.369764 0.251300
731.872538 0.251400
732.375513 0.251500
732.878688 0.251600
733.382062 0.251700
733.885637 0.251800
734.389412 0.251900
734.893386 0.252000
735.397561 0.252100
735.901935 0.252200
736.406510 0.252300
736.911285 0.252400
737.416259 0.252500
737.921434 0.252600
738.426808 0.252700
738.932383 0.252800
739.438158 0.252900
739.944132 0.253000
740.450307 0.253100
740.956681 0.253200
741.463256 0.253300
741.970031 0.253400
742.477005 0.253500
742.984180 0.253600
743.491554 0.253700
743.999129 0.253800
744.506903 0.253900
745.014878 0.254000
745.523052 0.254100
746.031427 0.254200
746.540002 0.254300
747.048776 0.254400
747.557751 0.254500
748.066925 0.254600
748.576300 0.254700
749.085874 0.254800
749.595649 0.254900
750.105623 0.255000
750.615798 0.255100
751.126172 0.255200
751.636747 0.255300
752.147521 0.255400
752.658496 0.255500
753.169670 0.255600
753.681045 0.255700
754.192619 0.255800
754.704394 0.255900
755.216368 0.256000
755.728543 0.256100
756.240917 0.256200
756.753492 0.256300
757.266266 0.256400
757.779240 0.256500
758.292415 0.256600
758.805789 0.256700
759.319364 0.256800
759.833138 0.256900
760.347113 0.257000
760.861287 0.257100
761.375662 0.257200
761.890236 0.257300
762.405010 0.257400
762.919985 0.257500
763.435159 0.257600
763.950534 0.257700
764.466108 0.257800
764.981883 0.257900
765.497857 0.258000
766.014031 0.258100
766.530406 0.258200
767.046980 0.258300
767.563755 0.258400
768.080729 0.258500
768.597903 0.258600
769.115278 0.258700
769.632852 0.258800
770.150627 0.258900
770.668601 0.259000
771.186775 0.259100
771.705150 0.259200
772.223724 0.259300
772.742498 0.259400
773.261473 0.259500
773.780647 0.259600
774.300021 0.259700
774.819596 0.259800
775.339370 0.259900
775.859344 0.260000
776.379519 0.260100
776.899893 0.260200
777.420467 0.260300
777.941242 0.260400
778.462216 0.260500
778.983390 0.260600
779.504765 0.260700
780.026339 0.260800
780.548113 0.260900
781.070088 0.261000
781.592262 0.261100
782.114636 0.261200
782.637211 0.261300
783.159985 0.261400
783.682959 0.261500
784.206133 0.261600
784.729508 0.261700
785.253082 0.261800
785.776856 0.261900
786.300831 0.262000
786.825005 0.262100
787.349379 0.262200
787.873953 0.262300
788.398728 0.262400
788.923702 0.262500
789.448876 0.262600
789.974250 0.262700
790.499825 0.262800
791.025599 0.262900
791.551573 0.263000
792.077747 0.263100
792.604122 0.263200
793.130696 0.263300
793.657470 0.263400
794.184444 0.263500
794.711618 0.263600
795.238993 0.263700
795.766567 0.263800
796.294341 0.263900
796.822315 0.264000
797.350489 0.264100
797.878864 0.264200
798.407438 0.264300
798.936212 0.264400
799.465186 0.264500
799.994360 0.264600
800.523735 0.264700
801.053238 0.264800
801.582904 0.264900
802.112751 0.265000
802.642791 0.265100
803.173031 0.265200
803.703471 0.265300
804.234112 0.265400
804.764954 0.265500
805.295997 0.265600
805.827240 0.265700
806.358683 0.265800
806.890326 0.265900
807.422169 0.266000
807.954212 0.266100
808.486454 0.266200
809.018897 0.266300
809.551540 0.266400
810.084382 0.266500
810.617425 0.266600
811.150667 0.266700
811.684109 0.266800
812.217752 0.266900
812.751594 0.267000
813.285636 0.267100
813.819878 0.267200
814.354320 0.267300
814.888962 0.267400
815.423804 0.267500
815.958846 0.267600
816.494088 0.267700
817.029530 0.267800
817.565172 0.267900
818.101013 0.268000
818.637055 0.268100
819.173297 0.268200
819.709738 0.268300
820.246380 0.268400
820.783221 0.268500
821.320263 0.268600
821.857504 0.268700
822.394945 0.268800
822.932587 0.268900
823.470428 0.269000
824.008469 0.269100
824.546710 0.269200
825.085151 0.269300
825.623792 0.269400
826.162633 0.269500
826.701674 0.269600
827.240915 0.269700
827.780355 0.269800
828.319996 0.269900
828.859837 0.270000
829.399877 0.270100
829.940118 0.270200
830.480559 0.270300
831.021199 0.270400
831.562039 0.270500
832.103080 0.270600
832.644320 0.270700
833.185760 0.270800
833.727400 0.270900
834.269241 0.271000
834.811281 0.271100
835.353521 0.271200
835.895961 0.271300
836.438601 0.271400
836.981441 0.271500
837.524480 0.271600
838.067720 0.271700
838.611160 0.271800
839.154799 0.271900
839.698639 0.272000
840.242679 0.272100
840.786918 0.272200
841.331358 0.272300
841.875997 0.272400
842.420836 0.272500
842.965876 0.272600
843.511115 0.272700
844.056554 0.272800
844.602193 0.272900
845.148032 0.273000
845.694071 0.273100
846.240310 0.273200
846.786749 0.273300
847.333388 0.273400
847.880227 0.273500
848.427266 0.273600
848.974504 0.273700
849.521943 0.273800
850.069582 0.273900
850.617420 0.274000
851.165459 0.274100
851.713697 0.274200
852.262136 0.274300
852.810774 0.274400
853.359612 0.274500
853.908650 0.274600
854.457889 0.274700
855.007327 0.274800
855.556965 0.274900
856.106803 0.275000
856.656841 0.275100
857.207079 0.275200
857.757517 0.275300
858.308154 0.275400
858.858992 0.275500
859.410030 0.275600
859.961268 0.275700
860.512705 0.275800
861.064343 0.275900
861.616180 0.276000
862.168218 0.276100
862.720455 0.276200
863.272892 0.276300
863.825530 0.276400
864.378367 0.276500
864.931404 0.276600
865.484641 0.276700
866.038078 0.276800
866.591715 0.276900
867.145552 0.277000
867.699589 0.277100
868.253826 0.277200
868.808263 0.277300
869.362900 0.277400
869.917736 0.277500
870.472773 0.277600
871.028010 0.277700
871.583446 0.277800
872.139083 0.277900
872.694919 0.278000
873.250955 0.278100
873.807192 0.278200
874.363628 0.278300
874.920264 0.278400
875.477100 0.278500
876.034137 0.278600
876.591373 0.278700
877.148809 0.278800
877.706445 0.278900
878.264280 0.279000
878.822316 0.279100
879.380552 0.279200
879.938988 0.279300
880.497624 0.279400
881.056459 0.279500
881.615495 0.279600
882.174730 0.279700
882.734166 0.279800
883.293801 0.279900
883.853637 0.280000
884.413672 0.280100
884.973907 0.280200
885.534343 0.280300
886.094978 0.280400
886.655813 0.280500
887.216848 0.280600
887.778083 0.280700
888.339518 0.280800
888.901153 0.280900
889.462988 0.281000
890.025022 0.281100
890.587257 0.281200
891.149692 0.281300
891.712327 0.281400
892.275161 0.281500
892.838196 0.281600
893.401430 0.281700
893.964865 0.281800
894.528499 0.281900
895.092333 0.282000
895.656368 0.282100
896.220602 0.282200
896.785036 0.282300
897.349670 0.282400
897.914504 0.282500
898.479538 0.282600
899.044772 0.282700
899.610206 0.282800
900.175840 0.282900
900.741725 0.283000
901.307841 0.283100
901.874182 0.283200
902.440740 0.283300
903.007509 0.283400
903.574483 0.283500
904.141658 0.283600
904.709033 0.283700
905.276608 0.283800
905.844382 0.283900
906.412355 0.284000
906.980529 0.284100
907.548902 0.284200
908.117476 0.284300
908.686249 0.284400
909.255223 0.284500
909.824396 0.284600
910.393770 0.284700
910.963343 0.284800
911.533117 0.284900
912.103090 0.285000
912.673264 0.285100
913.243637 0.285200
913.814210 0.285300
914.384984 0.285400
914.955957 0.285500
915.527131 0.285600
916.098504 0.285700
916.670078 0.285800
917.241851 0.285900
917.813825 0.286000
918.385998 0.286100
918.958371 0.286200
919.530945 0.286300
920.103718 0.286400
920.676692 0.286500
921.249865 0.286600
921.823239 0.286700
922.396812 0.286800
922.970585 0.286900
923.544559 0.287000
924.118732 0.287100
924.693106 0.287200
925.267679 0.287300
925.842452 0.287400
926.417426 0.287500
926.992599 0.287600
927.567973 0.287700
928.143546 0.287800
928.719319 0.287900
929.295293 0.288000
929.871466 0.288100
930.447839 0.288200
931.024413 0.288300
931.601186 0.288400
932.178159 0.288500
932.755333 0.288600
933.332706 0.288700
933.910279 0.288800
934.488053 0.288900
935.066026 0.289000
935.644199 0.289100
936.222573 0.289200
936.801146 0.289300
937.379919 0.289400
937.958893 0.289500
938.538066 0.289600
939.117439 0.289700
939.697013 0.289800
940.276786 0.289900
940.856759 0.290000
941.436933 0.290100
942.017306 0.290200
942.597879 0.290300
943.178652 0.290400
943.759626 0.290500
944.340799 0.290600
944.922172 0.290700
945.503746 0.290800
946.085519 0.290900
946.667492 0.291000
947.249665 0.291100
947.832039 0.291200
948.414612 0.291300
948.997385 0.291400
949.580358 0.291500
950.163532 0.291600
950.746905 0.291700
951.330478 0.291800
951.914251 0.291900
952.498225 0.292000
953.082398 0.292100
953.666771 0.292200
954.251344 0.292300
954.836117 0.292400
955.421091 0.292500
956.006264 0.292600
956.591637 0.292700
957.177210 0.292800
957.762983 0.292900
958.348957 0.293000
958.935130 0.293100
959.521503 0.293200
960.108076 0.293300
960.694849 0.293400
961.281823 0.293500
961.868996 0.293600
962.456369 0.293700
963.043942 0.293800
963.631715 0.293900
964.219688 0.294000
964.807862 0.294100
965.396235 0.294200
965.984808 0.294300
966.573581 0.294400
967.162554 0.294500
967.751727 0.294600
968.341100 0.294700
968.930674 0.294800
969.520447 0.294900
970.110420 0.295000
970.700593 0.295100
971.290966 0.295200
971.881539 0.295300
972.472312 0.295400
973.063285 0.295500
973.654459 0.295600
974.245832 0.295700
974.837405 0.295800
975.429178 0.295900
976.021151 0.296000
976.613324 0.296100
977.205697 0.296200
977.798270 0.296300
978.391043 0.296400
978.984016 0.296500
979.577189 0.296600
980.170562 0.296700
980.764136 0.296800
981.357909 0.296900
981.951882 0.297000
982.546055 0.297100
983.140428 0.297200
983.735001 0.297300
984.329774 0.297400
984.924747 0.297500
985.519920 0.297600
986.115293 0.297700
986.710866 0.297800
987.306639 0.297900
987.902612 0.298000
988.498785 0.298100
989.095158 0.298200
989.691731 0.298300
990.288504 0.298400
990.885477 0.298500
991.482650 0.298600
992.080023 0.298700
992.677596 0.298800
993.275369 0.298900
993.873342 0.299000
994.471515 0.299100
995.069888 0.299200
995.668461 0.299300
996.267234 0.299400
996.866207 0.299500
997.465380 0.299600
998.064753 0.299700
998.664326 0.299800
999.264099 0.299900
999.864072 0.300000
1000.464245 0.300100
1001.064618 0.300200
1001.665191 0.300300
1002.265964 0.300400
1002.866937 0.300500
1003.468109 0.300600
1004.069482 0.300700
1004.671055 0.300800
1005.272828 0.300900
1005.874801 0.301000
1006.476974 0.301100
1007.079347 0.301200
1007.681920 0.301300
1008.284693 0.301400
1008.887666 0.301500
1009.490839 0.301600
1010.094211 0.301700
1010.697784 0.301800
1011.301557 0.301900
1011.905530 0.302000
1012.509703 0.302100
1013.114076 0.302200
1013.718649 0.302300
1014.323422 0.302400
1014.928395 0.302500
1015.533567 0.302600
1016.138940 0.302700
1016.744513 0.302800
1017.350286 0.302900
1017.956259 0.303000
1018.562432 0.303100
1019.168804 0.303200
1019.775377 0.303300
1020.382150 0.303400
1020.989123 0.303500
1021.596296 0.303600
1022.203669 0.303700
1022.811241 0.303800
1023.419014 0.303900
1024.026987 0.304000
1024.635160 0.304100
1025.243533 0.304200
1025.852106 0.304300
1026.460878 0.304400
1027.069851 0.304500
1027.679024 0.304600
1028.288397 0.304700
1028.897969 0.304800
1029.507742 0.304900
1030.117715 0.305000
1030.727888 0.305100
1031.338261 0.305200
1031.948833 0.305300
1032.559606 0.305400
1033.170579 0.305500
1033.781752 0.305600
1034.393124 0.305700
1035.004697 0.305800
1035.616470 0.305900
1036.228443 0.306000
1036.840615 0.306100
1037.452988 0.306200
1038.065561 0.306300
1038.678334 0.306400
1039.291306 0.306500
1039.904479 0.306600
1040.517852 0.306700
1041.131425 0.306800
1041.745197 0.306900
1042.359170 0.307000
1042.973343 0.307100
1043.587715 0.307200
1044.202288 0.307300
1044.817061 0.307400
1045.432033 0.307500
1046.047206 0.307600
1046.662579 0.307700
1047.278152 0.307800
1047.893924 0.307900
1048.509897 0.308000
1049.126070 0.308100
1049.742442 0.308200
1050.359015 0.308300
1050.975788 0.308400
1051.592760 0.308500
1052.209933 0.308600
1052.827306 0.308700
1053.444878 0.308800
1054.062651 0.308900
1054.680623 0.309000
1055.298796 0.309100
1055.917169 0.309200
1056.535741 0.309300
1057.154514 0.309400
1057.773487 0.309500
1058.392659 0.309600
1059.012032 0.309700
1059.631604 0.309800
1060.251377 0.309900
1060.871350 0.310000
1061.491522 0.310100
1062.111895 0.310200
1062.732467 0.310300
1063.353240 0.310400
1063.974213 0.310500
1064.595385 0.310600
1065.216758 0.310700
1065.838330 0.310800
1066.460103 0.310900
1067.082076 0.311000
1067.704248 0.311100
1068.326621 0.311200
1068.949193 0.311300
1069.571966 0.311400
1070.194938 0.311500
1070.818111 0.311600
1071.441483 0.311700
1072.065056 0.311800
1072.688829 0.311900
1073.312801 0.312000
1073.936974 0.312100
1074.561346 0.312200
1075.185919 0.312300
1075.810691 0.312400
1076.435664 0.312500
1077.060836 0.312600
1077.686209 0.312700
1078.311781 0.312800
1078.937554 0.312900
1079.563526 0.313000
1080.189699 0.313100
1080.816071 0.313200
1081.442644 0.313300
1082.069416 0.313400
1082.696389 0.313500
1083.323561 0.313600
1083.950934 0.313700
1084.578506 0.313800
1085.206279 0.313900
1085.834251 0.314000
1086.462424 0.314100
1087.090796 0.314200
1087.719369 0.314300
1088.348141 0.314400
1088.977113 0.314500
1089.606286 0.314600
1090.235658 0.314700
1090.865231 0.314800
1091.495003 0.314900
1092.124976 0.315000
1092.755148 0.315100
1093.385520 0.315200
1094.016093 0.315300
1094.646865 0.315400
1095.277838 0.315500
1095.909010 0.315600
1096.540383 0.315700
1097.171955 0.315800
1097.803727 0.315900
1098.435700 0.316000
1099.067872 0.316100
1099.700245 0.316200
1100.332817 0.316300
1100.965589 0.316400
1101.598562 0.316500
1102.231734 0.316600
1102.865106 0.316700
1103.498679 0.316800
1104.132451 0.316900
1104.766424 0.317000
1105.400596 0.317100
1106.034968 0.317200
1106.669541 0.317300
1107.304313 0.317400
1107.939285 0.317500
1108.574458 0.317600
1109.209830 0.317700
1109.845402 0.317800
1110.481175 0.317900
1111.117147 0.318000
1111.753319 0.318100
1112.389692 0.318200
1113.026264 0.318300
1113.663036 0.318400
1114.300009 0.318500
1114.937181 0.318600
1115.574553 0.318700
1116.212126 0.318800
1116.849898 0.318900
1117.487870 0.319000
1118.126042 0.319100
1118.764415 0.319200
1119.402987 0.319300
1120.041759 0.319400
1120.680732 0.319500
1121.319904 0.319600
1121.959276 0.319700
1122.598848 0.319800
1123.238621 0.319900
1123.878593 0.320000
1124.518765 0.320100
1125.159137 0.320200
1125.799710 0.320300
1126.440482 0.320400
1127.081454 0.320500
1127.722626 0.320600
1128.363999 0.320700
1129.005571 0.320800
1129.647343 0.320900
1130.289315 0.321000
1130.931488 0.321100
1131.573860 0.321200
1132.216432 0.321300
1132.859204 0.321400
1133.502176 0.321500
1134.145349 0.321600
1134.788721 0.321700
1135.432293 0.321800
1136.076065 0.321900
1136.720037 0.322000
1137.364210 0.322100
1138.008582 0.322200
1138.653154 0.322300
1139.297926 0.322400
1139.942898 0.322500
1140.588070 0.322600
1141.233443 0.322700
1141.879015 0.322800
1142.524787 0.322900
1143.170759 0.323000
1143.816931 0.323100
1144.463303 0.323200
1145.109876 0.323300
1145.756648 0.323400
1146.403620 0.323500
1147.050792 0.323600
1147.698164 0.323700
1148.345736 0.323800
1148.993508 0.323900
1149.641481 0.324000
1150.289653 0.324100
1150.938025 0.324200
1151.586597 0.324300
1152.235369 0.324400
1152.884341 0.324500
1153.533513 0.324600
1154.182885 0.324700
1154.832457 0.324800
1155.482229 0.324900
1156.132202 0.325000
1156.782374 0.325100
1157.432746 0.325200
1158.083318 0.325300
1158.734090 0.325400
1159.385062 0.325500
1160.036234 0.325600
1160.687606 0.325700
1161.339178 0.325800
1161.990950 0.325900
1162.642922 0.326000
1163.295094 0.326100
1163.947466 0.326200
1164.600038 0.326300
1165.252810 0.326400
1165.905782 0.326500
1166.558954 0.326600
1167.212327 0.326700
1167.865899 0.326800
1168.519671 0.326900
1169.173643 0.327000
1169.827815 0.327100
1170.482187 0.327200
1171.136759 0.327300
1171.791531 0.327400
1172.446503 0.327500
1173.101675 0.327600
1173.757047 0.327700
1174.412619 0.327800
1175.068391 0.327900
1175.724363 0.328000
1176.380535 0.328100
1177.036907 0.328200
1177.693478 0.328300
1178.350250 0.328400
1179.007222 0.328500
1179.664394 0.328600
1180.321766 0.328700
1180.979338 0.328800
1181.637110 0.328900
1182.295082 0.329000
1182.953254 0.329100
1183.611626 0.329200
1184.270198 0.329300
1184.928970 0.329400
1185.587942 0.329500
1186.247114 0.329600
1186.906486 0.329700
1187.566058 0.329800
1188.225830 0.329900
1188.885802 0.330000
1189.545973 0.330100
1190.206345 0.330200
1190.866917 0.330300
1191.527689 0.330400
1192.188661 0.330500
1192.849833 0.330600
1193.511205 0.330700
1194.172777 0.330800
1194.834549 0.330900
1195.496520 0.331000
1196.158692 0.331100
1196.821064 0.331200
1197.483636 0.331300
1198.146408 0.331400
1198.809380 0.331500
1199.472552 0.331600
1200.135924 0.331700
1200.799495 0.331800
1201.463267 0.331900
1202.127239 0.332000
1202.791411 0.332100
1203.455783 0.332200
1204.120355 0.332300
1204.785126 0.332400
1205.450098 0.332500
1206.115270 0.332600
1206.780642 0.332700
1207.446214 0.332800
1208.111986 0.332900
1208.777957 0.333000
1209.444129 0.333100
1210.110501 0.333200
1210.777073 0.333300
1211.443845 0.333400
1212.110816 0.333500
1212.777988 0.333600
1213.445360 0.333700
1214.112932 0.333800
1214.780703 0.333900
1215.448675 0.334000
1216.116847 0.334100
1216.785219 0.334200
1217.453791 0.334300
1218.122562 0.334400
1218.791534 0.334500
1219.460706 0.334600
1220.130078 0.334700
1220.799649 0.334800
1221.469421 0.334900
1222.139393 0.335000
1222.809565 0.335100
1223.479936 0.335200
1224.150508 0.335300
1224.821280 0.335400
1225.492251 0.335500
1226.163423 0.335600
1226.834795 0.335700
1227.506367 0.335800
1228.178138 0.335900
1228.850110 0.336000
1229.522282 0.336100
1230.194653 0.336200
1230.867225 0.336300
1231.539997 0.336400
1232.212969 0.336500
1232.886140 0.336600
1233.559512 0.336700
1234.233084 0.336800
1234.906855 0.336900
1235.580827 0.337000
1236.254999 0.337100
1236.929370 0.337200
1237.603942 0.337300
1238.278714 0.337400
1238.953685 0.337500
1239.628857 0.337600
1240.304229 0.337700
1240.979800 0.337800
1241.655572 0.337900
1242.331543 0.338000
1243.007715 0.338100
1243.684087 0.338200
1244.360658 0.338300
1245.037430 0.338400
1245.714402 0.338500
1246.391573 0.338600
1247.068945 0.338700
1247.746516 0.338800
1248.424288 0.338900
1249.102260 0.339000
1249.780431 0.339100
1250.458803 0.339200
1251.137374 0.339300
1251.816146 0.339400
1252.495118 0.339500
1253.174289 0.339600
1253.853661 0.339700
1254.533232 0.339800
1255.213004 0.339900
1255.892976 0.340000
1256.573147 0.340100
1257.253519 0.340200
1257.934090 0.340300
1258.614862 0.340400
1259.295833 0.340500
1259.977005 0.340600
1260.658376 0.340700
1261.339948 0.340800
1262.021719 0.340900
1262.703691 0.341000
1263.385863 0.341100
1264.068234 0.341200
1264.750806 0.341300
1265.433577 0.341400
1266.116549 0.341500
1266.799720 0.341600
1267.483092 0.341700
1268.166663 0.341800
1268.850435 0.341900
1269.534406 0.342000
1270.218578 0.342100
1270.902949 0.342200
1271.587521 0.342300
1272.272292 0.342400
1272.957264 0.342500
1273.642435 0.342600
1274.327807 0.342700
1275.013378 0.342800
1275.699149 0.342900
1276.385121 0.343000
1277.071292 0.343100
1277.757664 0.343200
1278.444235 0.343300
1279.131007 0.343400
1279.817978 0.343500
1280.505150 0.343600
1281.192521 0.343700
1281.880093 0.343800
1282.567864 0.343900
1283.255835 0.344000
1283.944007 0.344100
1284.632378 0.344200
1285.320950 0.344300
1286.009721 0.344400
1286.698692 0.344500
1287.387864 0.344600
1288.077235 0.344700
1288.766807 0.344800
1289.456578 0.344900
1290.146550 0.345000
1290.836721 0.345100
1291.527092 0.345200
1292.217664 0.345300
1292.908435 0.345400
1293.599406 0.345500
1294.290578 0.345600
1294.981949 0.345700
1295.673521 0.345800
1296.365292 0.345900
1297.057263 0.346000
1297.749435 0.346100
1298.441806 0.346200
1299.134377 0.346300
1299.827149 0.346400
1300.520120 0.346500
1301.213154 0.346600
1301.906336 0.346700
1302.599711 0.346800
1303.293295 0.346900
1303.987089 0.347000
1304.681089 0.347100
1305.375291 0.347200
1306.069692 0.347300
1306.764293 0.347400
1307.459093 0.347500
1308.154093 0.347600
1308.849292 0.347700
1309.544692 0.347800
1310.240291 0.347900
1310.936091 0.348000
1311.632090 0.348100
1312.328289 0.348200
1313.024689 0.348300
1313.721288 0.348400
1314.418087 0.348500
1315.115086 0.348600
1315.812285 0.348700
1316.509684 0.348800
1317.207283 0.348900
1317.905082 0.349000
1318.603081 0.349100
1319.301280 0.349200
1319.999679 0.349300
1320.698277 0.349400
1321.397076 0.349500
1322.096075 0.349600
1322.795273 0.349700
1323.494672 0.349800
1324.194270 0.349900
1324.894069 0.350000
1325.594067 0.350100
1326.294265 0.350200
1326.994664 0.350300
1327.695262 0.350400
1328.396060 0.350500
1329.097058 0.350600
1329.798256 0.350700
1330.499654 0.350800
1331.201252 0.350900
1331.903050 0.351000
1332.605048 0.351100
1333.307245 0.351200
1334.009643 0.351300
1334.712241 0.351400
1335.415038 0.351500
1336.118036 0.351600
1336.821233 0.351700
1337.524631 0.351800
1338.228228 0.351900
1338.932026 0.352000
1339.636023 0.352100
1340.340220 0.352200
1341.044617 0.352300
1341.749214 0.352400
1342.454011 0.352500
1343.159009 0.352600
1343.864205 0.352700
1344.569602 0.352800
1345.275199 0.352900
1345.980996 0.353000
1346.686993 0.353100
1347.393190 0.353200
1348.099586 0.353300
1348.806183 0.353400
1349.512979 0.353500
1350.219976 0.353600
1350.927172 0.353700
1351.634569 0.353800
1352.342165 0.353900
1353.049961 0.354000
1353.757958 0.354100
1354.466154 0.354200
1355.174550 0.354300
1355.883146 0.354400
1356.591942 0.354500
1357.300938 0.354600
1358.010134 0.354700
1358.719530 0.354800
1359.429126 0.354900
1360.138921 0.355000
1360.848917 0.355100
1361.559113 0.355200
1362.269508 0.355300
1362.980104 0.355400
1363.690899 0.355500
1364.401895 0.355600
1365.113090 0.355700
1365.824485 0.355800
1366.536081 0.355900
1367.247876 0.356000
1367.959871 0.356100
1368.672066 0.356200
1369.384461 0.356300
1370.097056 0.356400
1370.809851 0.356500
1371.522846 0.356600
1372.236041 0.356700
1372.949436 0.356800
1373.663031 0.356900
1374.376825 0.357000
1375.090820 0.357100
1375.805015 0.357200
1376.519409 0.357300
1377.234004 0.357400
1377.948798 0.357500
1378.663793 0.357600
1379.378987 0.357700
1380.094381 0.357800
1380.809975 0.357900
1381.525770 0.358000
1382.241764 0.358100
1382.957958 0.358200
1383.674352 0.358300
1384.390946 0.358400
1385.107740 0.358500
1385.824733 0.358600
1386.541927 0.358700
1387.259321 0.358800
1387.976915 0.358900
1388.694708 0.359000
1389.412702 0.359100
1390.130896 0.359200
1390.849289 0.359300
1391.567882 0.359400
1392.286676 0.359500
1393.005669 0.359600
1393.724862 0.359700
1394.444256 0.359800
1395.163849 0.359900
1395.883642 0.360000
1396.603635 0.360100
1397.323828 0.360200
1398.044221 0.360300
1398.764814 0.360400
1399.485607 0.360500
1400.206600 0.360600
1400.927893 0.360700
1401.649427 0.360800
1402.371183 0.360900
1403.093149 0.361000
1403.815320 0.361100
1404.537692 0.361200
1405.260264 0.361300
1405.983035 0.361400
1406.706006 0.361500
1407.429177 0.361600
1408.152548 0.361700
1408.876118 0.361800
1409.599889 0.361900
1410.323860 0.362000
1411.048031 0.362100
1411.772402 0.362200
1412.496972 0.362300
1413.221743 0.362400
1413.946714 0.362500
1414.671885 0.362600
1415.397255 0.362700
1416.122826 0.362800
1416.848597 0.362900
1417.574568 0.363000
1418.300739 0.363100
1419.027109 0.363200
1419.753680 0.363300
1420.480451 0.363400
1421.207422 0.363500
1421.934592 0.363600
1422.661963 0.363700
1423.389534 0.363800
1424.117305 0.363900
1424.845275 0.364000
1425.573446 0.364100
1426.301817 0.364200
1427.030388 0.364300
1427.759158 0.364400
1428.488129 0.364500
1429.217300 0.364600
1429.946670 0.364700
1430.676241 0.364800
1431.406012 0.364900
1432.135983 0.365000
1432.866153 0.365100
1433.596524 0.365200
1434.327095 0.365300
1435.057865 0.365400
1435.788836 0.365500
1436.520007 0.365600
1437.251377 0.365700
1437.982948 0.365800
1438.714719 0.365900
1439.446689 0.366000
1440.178860 0.366100
1440.911231 0.366200
1441.643801 0.366300
1442.376572 0.366400
1443.109543 0.366500
1443.842713 0.366600
1444.576084 0.366700
1445.309655 0.366800
1446.043425 0.366900
1446.777396 0.367000
1447.511566 0.367100
1448.245937 0.367200
1448.980508 0.367300
1449.715278 0.367400
1450.450249 0.367500
1451.185420 0.367600
1451.920790 0.367700
1452.656361 0.367800
1453.392131 0.367900
1454.128102 0.368000
1454.864273 0.368100
1455.600643 0.368200
1456.337214 0.368300
1457.073984 0.368400
1457.810955 0.368500
1458.548125 0.368600
1459.285496 0.368700
1460.023067 0.368800
1460.760837 0.368900
1461.498808 0.369000
1462.236978 0.369100
1462.975349 0.369200
1463.713919 0.369300
1464.452690 0.369400
1465.191661 0.369500
1465.930831 0.369600
1466.670202 0.369700
1467.409772 0.369800
1468.149543 0.369900
1468.889513 0.370000
1469.629684 0.370100
1470.370054 0.370200
1471.110625 0.370300
1471.851395 0.370400
1472.592366 0.370500
1473.333536 0.370600
1474.074907 0.370700
1474.816477 0.370800
1475.558248 0.370900
1476.300218 0.371000
1477.042389 0.371100
1477.784759 0.371200
1478.527330 0.371300
1479.270100 0.371400
1480.013071 0.371500
1480.756241 0.371600
1481.499612 0.371700
1482.243182 0.371800
1482.986953 0.371900
1483.730923 0.372000
1484.475094 0.372100
1485.219464 0.372200
1485.964034 0.372300
1486.708805 0.372400
1487.453775 0.372500
1488.198946 0.372600
1488.944316 0.372700
1489.689887 0.372800
1490.435657 0.372900
1491.181627 0.373000
1491.927798 0.373100
1492.674168 0.373200
1493.420739 0.373300
1494.167509 0.373400
1494.914480 0.373500
1495.661650 0.373600
1496.409020 0.373700
1497.156591 0.373800
1497.904361 0.373900
1498.652332 0.374000
1499.400502 0.374100
1500.148872 0.374200
1500.897443 0.374300
1501.646213 0.374400
1502.395183 0.374500
1503.144354 0.374600
1503.893724 0.374700
1504.643295 0.374800
1505.393065 0.374900
1506.143035 0.375000
1506.893206 0.375100
1507.643576 0.375200
1508.394146 0.375300
1509.144917 0.375400
1509.895887 0.375500
1510.647057 0.375600
1511.398428 0.375700
1512.149998 0.375800
1512.901768 0.375900
1513.653739 0.376000
1514.405909 0.376100
1515.158279 0.376200
1515.910850 0.376300
1516.663620 0.376400
1517.416590 0.376500
1518.169760 0.376600
1518.923131 0.376700
1519.676701 0.376800
1520.430471 0.376900
1521.184442 0.377000
1521.938612 0.377100
1522.692982 0.377200
1523.447552 0.377300
1524.202323 0.377400
1524.957293 0.377500
1525.712463 0.377600
1526.467834 0.377700
1527.223404 0.377800
1527.979174 0.377900
1528.735144 0.378000
1529.491315 0.378100
1530.247685 0.378200
1531.004255 0.378300
1531.761025 0.378400
1532.517996 0.378500
1533.275166 0.378600
1534.032536 0.378700
1534.790106 0.378800
1535.547876 0.378900
1536.305847 0.379000
1537.064017 0.379100
1537.822387 0.379200
1538.580957 0.379300
1539.339727 0.379400
1540.098698 0.379500
1540.857868 0.379600
1541.617238 0.379700
1542.376808 0.379800
1543.136578 0.379900
1543.896549 0.380000
1544.656719 0.380100
1545.417089 0.380200
1546.177659 0.380300
1546.938429 0.380400
1547.699399 0.380500
1548.460570 0.380600
1549.221940 0.380700
1549.983510 0.380800
1550.745280 0.380900
1551.507250 0.381000
1552.269420 0.381100
1553.031791 0.381200
1553.794361 0.381300
1554.557131 0.381400
1555.320101 0.381500
1556.083271 0.381600
1556.846641 0.381700
1557.610211 0.381800
1558.373981 0.381900
1559.137952 0.382000
1559.902122 0.382100
1560.666492 0.382200
1561.431062 0.382300
1562.195832 0.382400
1562.960802 0.382500
1563.725972 0.382600
1564.491342 0.382700
1565.256912 0.382800
1566.022682 0.382900
1566.788652 0.383000
1567.554823 0.383100
1568.321193 0.383200
1569.087763 0.383300
1569.854533 0.383400
1570.621503 0.383500
1571.388673 0.383600
1572.156043 0.383700
1572.923613 0.383800
1573.691383 0.383900
1574.459353 0.384000
1575.227523 0.384100
1575.995893 0.384200
1576.764463 0.384300
1577.533233 0.384400
1578.302203 0.384500
1579.071373 0.384600
1579.840743 0.384700
1580.610313 0.384800
1581.380083 0.384900
1582.150053 0.385000
1582.920223 0.385100
1583.690593 0.385200
1584.461163 0.385300
1585.231933 0.385400
1586.002903 0.385500
1586.774073 0.385600
1587.545443 0.385700
1588.317013 0.385800
1589.088783 0.385900
1589.860753 0.386000
1590.632923 0.386100
1591.405293 0.386200
1592.177863 0.386300
1592.950633 0.386400
1593.723603 0.386500
1594.496773 0.386600
1595.270143 0.386700
1596.043713 0.386800
1596.817483 0.386900
1597.591453 0.387000
1598.365623 0.387100
1599.139993 0.387200
1599.914563 0.387300
1600.689332 0.387400
1601.464302 0.387500
1602.239472 0.387600
1603.014842 0.387700
1603.790412 0.387800
1604.566182 0.387900
1605.342152 0.388000
1606.118322 0.388100
