201.000000 0.000300
201.000001 0.000400
201.000002 0.000500
201.000004 0.000600
201.000007 0.000700
201.000012 0.000800
201.000019 0.000900
201.000029 0.001000
201.000043 0.001100
201.000061 0.001200
201.000085 0.001300
201.000114 0.001400
201.000151 0.001500
201.000195 0.001600
201.000249 0.001700
201.000314 0.001800
201.000391 0.001900
201.000480 0.002000
201.000584 0.002100
201.000705 0.002200
201.000843 0.002300
201.001000 0.002400
201.001178 0.002500
201.001379 0.002600
201.001605 0.002700
201.001857 0.002800
201.002138 0.002900
201.002449 0.003000
201.002792 0.003100
201.003171 0.003200
201.003586 0.003300
201.004041 0.003400
201.004538 0.003500
201.005078 0.003600
201.005665 0.003700
201.006301 0.003800
201.006989 0.003900
201.007731 0.004000
201.008530 0.004100
201.009389 0.004200
201.010310 0.004300
201.011297 0.004400
201.012351 0.004500
201.013477 0.004600
201.014677 0.004700
201.015955 0.004800
201.017313 0.004900
201.018754 0.005000
201.020281 0.005100
201.021899 0.005200
201.023609 0.005300
201.025416 0.005400
201.027323 0.005500
201.029332 0.005600
201.031448 0.005700
201.033673 0.005800
201.036012 0.005900
201.038467 0.006000
201.041042 0.006100
201.043741 0.006200
201.046567 0.006300
201.049523 0.006400
201.052614 0.006500
201.055843 0.006600
201.059212 0.006700
201.062727 0.006800
201.066390 0.006900
201.070205 0.007000
201.074176 0.007100
201.078307 0.007200
201.082600 0.007300
201.087059 0.007400
201.091689 0.007500
201.096492 0.007600
201.101473 0.007700
201.106634 0.007800
201.111980 0.007900
201.117513 0.008000
201.123238 0.008100
201.129158 0.008200
201.135276 0.008300
201.141596 0.008400
201.148121 0.008500
201.154854 0.008600
201.161800 0.008700
201.168961 0.008800
201.176340 0.008900
201.183941 0.009000
201.191767 0.009100
201.199822 0.009200
201.208108 0.009300
201.216628 0.009400
201.225385 0.009500
201.234383 0.009600
201.243625 0.009700
201.253112 0.009800
201.262849 0.009900
201.272837 0.010000
201.283080 0.010100
201.293581 0.010200
201.304341 0.010300
201.315363 0.010400
201.326650 0.010500
201.338205 0.010600
201.350029 0.010700
201.362125 0.010800
201.374495 0.010900
201.387141 0.011000
201.400066 0.011100
201.413270 0.011200
201.426757 0.011300
201.440528 0.011400
201.454585 0.011500
201.468930 0.011600
201.483564 0.011700
201.498488 0.011800
201.513705 0.011900
201.529216 0.012000
201.545022 0.012100
201.561124 0.012200
201.577524 0.012300
201.594222 0.012400
201.611220 0.012500
201.628519 0.012600
201.646120 0.012700
201.664022 0.012800
201.682229 0.012900
201.700739 0.013000
201.719553 0.013100
201.738673 0.013200
201.758098 0.013300
201.777829 0.013400
201.797867 0.013500
201.818211 0.013600
201.838862 0.013700
201.859820 0.013800
201.881085 0.013900
201.902656 0.014000
201.924535 0.014100
201.946721 0.014200
201.969213 0.014300
201.992012 0.014400
202.015117 0.014500
202.038528 0.014600
202.062245 0.014700
202.086266 0.014800
202.110592 0.014900
202.135222 0.015000
202.160156 0.015100
202.185392 0.015200
202.210930 0.015300
202.236770 0.015400
202.262911 0.015500
202.289351 0.015600
202.316090 0.015700
202.343127 0.015800
202.370461 0.015900
202.398092 0.016000
202.426018 0.016100
202.454238 0.016200
202.482751 0.016300
202.511557 0.016400
202.540654 0.016500
202.570040 0.016600
202.599715 0.016700
202.629678 0.016800
202.659928 0.016900
202.690463 0.017000
202.721282 0.017100
202.752383 0.017200
202.783767 0.017300
202.815431 0.017400
202.847373 0.017500
202.879594 0.017600
202.912092 0.017700
202.944864 0.017800
202.977911 0.017900
203.011231 0.018000
203.044822 0.018100
203.078683 0.018200
203.112813 0.018300
203.147211 0.018400
203.181874 0.018500
203.216803 0.018600
203.251996 0.018700
203.287451 0.018800
203.323167 0.018900
203.359143 0.019000
203.395378 0.019100
203.431870 0.019200
203.468618 0.019300
203.505622 0.019400
203.542878 0.019500
203.580388 0.019600
203.618148 0.019700
203.656159 0.019800
203.694418 0.019900
203.732926 0.020000
203.771679 0.020100
203.810679 0.020200
203.849922 0.020300
203.889409 0.020400
203.929138 0.020500
203.969108 0.020600
204.009318 0.020700
204.049767 0.020800
204.090453 0.020900
204.131377 0.021000
204.172537 0.021100
204.213931 0.021200
204.255559 0.021300
204.297421 0.021400
204.339514 0.021500
204.381839 0.021600
204.424394 0.021700
204.467178 0.021800
204.510191 0.021900
204.553431 0.022000
204.596899 0.022100
204.640592 0.022200
204.684511 0.022300
204.728654 0.022400
204.773021 0.022500
204.817611 0.022600
204.862423 0.022700
204.907457 0.022800
204.952712 0.022900
204.998187 0.023000
205.043881 0.023100
205.089795 0.023200
205.135926 0.023300
205.182276 0.023400
205.228843 0.023500
205.275626 0.023600
205.322625 0.023700
205.369839 0.023800
205.417269 0.023900
205.464913 0.024000
205.512770 0.024100
205.560841 0.024200
205.609125 0.024300
205.657622 0.024400
205.706330 0.024500
205.755250 0.024600
205.804381 0.024700
205.853723 0.024800
205.903276 0.024900
205.953038 0.025000
206.003010 0.025100
206.053191 0.025200
206.103581 0.025300
206.154179 0.025400
206.204986 0.025500
206.256000 0.025600
206.307223 0.025700
206.358652 0.025800
206.410289 0.025900
206.462132 0.026000
206.514181 0.026100
206.566437 0.026200
206.618899 0.026300
206.671567 0.026400
206.724440 0.026500
206.777518 0.026600
206.830801 0.026700
206.884289 0.026800
206.937982 0.026900
206.991879 0.027000
207.045980 0.027100
207.100286 0.027200
207.154795 0.027300
207.209508 0.027400
207.264425 0.027500
207.319545 0.027600
207.374868 0.027700
207.430394 0.027800
207.486124 0.027900
207.542056 0.028000
207.598191 0.028100
207.654528 0.028200
207.711068 0.028300
207.767811 0.028400
207.824755 0.028500
207.881902 0.028600
207.939251 0.028700
207.996801 0.028800
208.054554 0.028900
208.112508 0.029000
208.170664 0.029100
208.229022 0.029200
208.287581 0.029300
208.346342 0.029400
208.405304 0.029500
208.464467 0.029600
208.523831 0.029700
208.583397 0.029800
208.643164 0.029900
208.703132 0.030000
208.763301 0.030100
208.823671 0.030200
208.884242 0.030300
208.945014 0.030400
209.005986 0.030500
209.067159 0.030600
209.128534 0.030700
209.190108 0.030800
209.251884 0.030900
209.313860 0.031000
209.376037 0.031100
209.438414 0.031200
209.500992 0.031300
209.563770 0.031400
209.626749 0.031500
209.689928 0.031600
209.753307 0.031700
209.816887 0.031800
209.880668 0.031900
209.944649 0.032000
210.008830 0.032100
210.073211 0.032200
210.137793 0.032300
210.202575 0.032400
210.267557 0.032500
210.332740 0.032600
210.398122 0.032700
210.463705 0.032800
210.529488 0.032900
210.595472 0.033000
210.661655 0.033100
210.728039 0.033200
210.794623 0.033300
210.861407 0.033400
210.928391 0.033500
210.995575 0.033600
211.062959 0.033700
211.130544 0.033800
211.198328 0.033900
211.266313 0.034000
211.334498 0.034100
211.402882 0.034200
211.471467 0.034300
211.540252 0.034400
211.609237 0.034500
211.678422 0.034600
211.747807 0.034700
211.817393 0.034800
211.887178 0.034900
211.957163 0.035000
212.027348 0.035100
212.097734 0.035200
212.168319 0.035300
212.239104 0.035400
212.310090 0.035500
212.381275 0.035600
212.452661 0.035700
212.524246 0.035800
212.596031 0.035900
212.668017 0.036000
212.740202 0.036100
212.812588 0.036200
212.885173 0.036300
212.957959 0.036400
213.030944 0.036500
213.104129 0.036600
213.177515 0.036700
213.251100 0.036800
213.324886 0.036900
213.398871 0.037000
213.473057 0.037100
213.547442 0.037200
213.622027 0.037300
213.696813 0.037400
213.771798 0.037500
213.846983 0.037600
213.922369 0.037700
213.997954 0.037800
214.073739 0.037900
214.149725 0.038000
214.225910 0.038100
214.302295 0.038200
214.378881 0.038300
214.455666 0.038400
214.532651 0.038500
214.609836 0.038600
214.687221 0.038700
214.764806 0.038800
214.842592 0.038900
214.920577 0.039000
214.998762 0.039100
215.077147 0.039200
215.155732 0.039300
215.234517 0.039400
215.313502 0.039500
215.392687 0.039600
215.472072 0.039700
215.551657 0.039800
215.631442 0.039900
215.711427 0.040000
215.791612 0.040100
215.871997 0.040200
215.952582 0.040300
216.033366 0.040400
216.114351 0.040500
216.195536 0.040600
216.276921 0.040700
216.358506 0.040800
216.440290 0.040900
216.522275 0.041000
216.604460 0.041100
216.686845 0.041200
216.769429 0.041300
216.852214 0.041400
216.935199 0.041500
217.018383 0.041600
217.101768 0.041700
217.185352 0.041800
217.269137 0.041900
217.353121 0.042000
217.437306 0.042100
217.521691 0.042200
217.606275 0.042300
217.691059 0.042400
217.776044 0.042500
217.861228 0.042600
217.946613 0.042700
218.032197 0.042800
218.117982 0.042900
218.203966 0.043000
218.290150 0.043100
218.376535 0.043200
218.463119 0.043300
218.549903 0.043400
218.636888 0.043500
218.724072 0.043600
218.811456 0.043700
218.899040 0.043800
218.986825 0.043900
219.074809 0.044000
219.162993 0.044100
219.251377 0.044200
219.339961 0.044300
219.428745 0.044400
219.517730 0.044500
219.606914 0.044600
219.696298 0.044700
219.785882 0.044800
219.875666 0.044900
219.965650 0.045000
220.055834 0.045100
220.146218 0.045200
220.236802 0.045300
220.327586 0.045400
220.418570 0.045500
220.509754 0.045600
220.601138 0.045700
220.692722 0.045800
220.784506 0.045900
220.876490 0.046000
220.968673 0.046100
221.061057 0.046200
221.153641 0.046300
221.246425 0.046400
221.339409 0.046500
221.432593 0.046600
221.525976 0.046700
221.619560 0.046800
221.713344 0.046900
221.807328 0.047000
221.901511 0.047100
221.995895 0.047200
222.090479 0.047300
222.185263 0.047400
222.280246 0.047500
222.375430 0.047600
222.470814 0.047700
222.566397 0.047800
222.662181 0.047900
222.758165 0.048000
222.854348 0.048100
222.950732 0.048200
223.047315 0.048300
223.144099 0.048400
223.241082 0.048500
223.338266 0.048600
223.435649 0.048700
223.533233 0.048800
223.631017 0.048900
223.729000 0.049000
223.827183 0.049100
223.925567 0.049200
224.024150 0.049300
224.122934 0.049400
224.221917 0.049500
224.321101 0.049600
224.420484 0.049700
224.520067 0.049800
224.619851 0.049900
224.719834 0.050000
224.820018 0.050100
224.920401 0.050200
225.020984 0.050300
225.121768 0.050400
225.222751 0.050500
225.323934 0.050600
225.425317 0.050700
225.526901 0.050800
225.628684 0.050900
225.730667 0.051000
225.832851 0.051100
225.935234 0.051200
226.037817 0.051300
226.140600 0.051400
226.243583 0.051500
226.346767 0.051600
226.450150 0.051700
226.553733 0.051800
226.657516 0.051900
226.761499 0.052000
226.865682 0.052100
226.970065 0.052200
227.074649 0.052300
227.179432 0.052400
227.284415 0.052500
227.389598 0.052600
227.494981 0.052700
227.600564 0.052800
227.706347 0.052900
227.812330 0.053000
227.918513 0.053100
228.024896 0.053200
228.131479 0.053300
228.238262 0.053400
228.345245 0.053500
228.452428 0.053600
228.559811 0.053700
228.667394 0.053800
228.775177 0.053900
228.883160 0.054000
228.991343 0.054100
229.099726 0.054200
229.208309 0.054300
229.317092 0.054400
229.426074 0.054500
229.535257 0.054600
229.644640 0.054700
229.754223 0.054800
229.864006 0.054900
229.973989 0.055000
230.084172 0.055100
230.194554 0.055200
230.305137 0.055300
230.415920 0.055400
230.526903 0.055500
230.638085 0.055600
230.749468 0.055700
230.861051 0.055800
230.972834 0.055900
231.084817 0.056000
231.196999 0.056100
231.309382 0.056200
231.421965 0.056300
231.534747 0.056400
231.647730 0.056500
231.760913 0.056600
231.874295 0.056700
231.987878 0.056800
232.101661 0.056900
232.215643 0.057000
232.329826 0.057100
232.444209 0.057200
232.558791 0.057300
232.673574 0.057400
232.788557 0.057500
232.903739 0.057600
233.019122 0.057700
233.134704 0.057800
233.250487 0.057900
233.366470 0.058000
233.482652 0.058100
233.599035 0.058200
233.715617 0.058300
233.832400 0.058400
233.949382 0.058500
234.066565 0.058600
234.183947 0.058700
234.301530 0.058800
234.419312 0.058900
234.537295 0.059000
234.655477 0.059100
234.773860 0.059200
234.892442 0.059300
235.011225 0.059400
235.130207 0.059500
235.249389 0.059600
235.368772 0.059700
235.488354 0.059800
235.608137 0.059900
235.728119 0.060000
235.848301 0.060100
235.968684 0.060200
236.089266 0.060300
236.210049 0.060400
236.331031 0.060500
236.452213 0.060600
236.573596 0.060700
236.695178 0.060800
236.816960 0.060900
236.938943 0.061000
237.061125 0.061100
237.183507 0.061200
237.306090 0.061300
237.428872 0.061400
237.551854 0.061500
237.675036 0.061600
237.798419 0.061700
237.922001 0.061800
238.045783 0.061900
238.169765 0.062000
238.293948 0.062100
238.418330 0.062200
238.542912 0.062300
238.667694 0.062400
238.792677 0.062500
238.917859 0.062600
239.043241 0.062700
239.168823 0.062800
239.294605 0.062900
239.420587 0.063000
239.546770 0.063100
239.673152 0.063200
239.799734 0.063300
239.926516 0.063400
240.053498 0.063500
240.180680 0.063600
240.308062 0.063700
240.435645 0.063800
240.563427 0.063900
240.691409 0.064000
240.819591 0.064100
240.947973 0.064200
241.076555 0.064300
241.205337 0.064400
241.334319 0.064500
241.463501 0.064600
241.592883 0.064700
241.722465 0.064800
241.852247 0.064900
241.982229 0.065000
242.112411 0.065100
242.242793 0.065200
242.373375 0.065300
242.504157 0.065400
242.635139 0.065500
242.766321 0.065600
242.897703 0.065700
243.029285 0.065800
243.161067 0.065900
243.293049 0.066000
243.425231 0.066100
243.557613 0.066200
243.690195 0.066300
243.822977 0.066400
243.955959 0.066500
244.089141 0.066600
244.222523 0.066700
244.356105 0.066800
244.489886 0.066900
244.623868 0.067000
244.758050 0.067100
244.892432 0.067200
245.027014 0.067300
245.161796 0.067400
245.296778 0.067500
245.431960 0.067600
245.567341 0.067700
245.702923 0.067800
245.838705 0.067900
245.974687 0.068000
246.110869 0.068100
246.247250 0.068200
246.383832 0.068300
246.520614 0.068400
246.657596 0.068500
246.794778 0.068600
246.932159 0.068700
247.069741 0.068800
247.207523 0.068900
247.345505 0.069000
247.483686 0.069100
247.622068 0.069200
247.760650 0.069300
247.899432 0.069400
248.038413 0.069500
248.177595 0.069600
248.316977 0.069700
248.456559 0.069800
248.596340 0.069900
248.736322 0.070000
248.876504 0.070100
249.016885 0.070200
249.157467 0.070300
249.298249 0.070400
249.439230 0.070500
249.580412 0.070600
249.721794 0.070700
249.863375 0.070800
250.005157 0.070900
250.147139 0.071000
250.289320 0.071100
250.431702 0.071200
250.574283 0.071300
250.717065 0.071400
250.860047 0.071500
251.003228 0.071600
251.146610 0.071700
251.290191 0.071800
251.433973 0.071900
251.577955 0.072000
251.722136 0.072100
251.866518 0.072200
252.011099 0.072300
252.155881 0.072400
252.300862 0.072500
252.446044 0.072600
252.591425 0.072700
252.737007 0.072800
252.882788 0.072900
253.028770 0.073000
253.174951 0.073100
253.321333 0.073200
253.467914 0.073300
253.614696 0.073400
253.761677 0.073500
253.908859 0.073600
254.056240 0.073700
254.203822 0.073800
254.351603 0.073900
254.499585 0.074000
254.647766 0.074100
254.796148 0.074200
254.944729 0.074300
255.093511 0.074400
255.242492 0.074500
255.391673 0.074600
255.541055 0.074700
255.690636 0.074800
255.840418 0.074900
255.990399 0.075000
256.140580 0.075100
256.290962 0.075200
256.441543 0.075300
256.592325 0.075400
256.743306 0.075500
256.894487 0.075600
257.045869 0.075700
257.197450 0.075800
257.349231 0.075900
257.501213 0.076000
257.653394 0.076100
257.805775 0.076200
257.958357 0.076300
258.111138 0.076400
258.264119 0.076500
258.417301 0.076600
258.570682 0.076700
258.724263 0.076800
258.878044 0.076900
259.032026 0.077000
259.186207 0.077100
259.340588 0.077200
259.495170 0.077300
259.649951 0.077400
259.804932 0.077500
259.960113 0.077600
260.115495 0.077700
260.271076 0.077800
260.426857 0.077900
260.582838 0.078000
260.739020 0.078100
260.895401 0.078200
261.051982 0.078300
261.208763 0.078400
261.365744 0.078500
261.522926 0.078600
261.680307 0.078700
261.837888 0.078800
261.995669 0.078900
262.153650 0.079000
262.311831 0.079100
262.470213 0.079200
262.628794 0.079300
262.787575 0.079400
262.946556 0.079500
263.105737 0.079600
263.265118 0.079700
263.424700 0.079800
263.584481 0.079900
263.744462 0.080000
263.904643 0.080100
264.065024 0.080200
264.225605 0.080300
264.386386 0.080400
264.547367 0.080500
264.708548 0.080600
264.869930 0.080700
265.031511 0.080800
265.193292 0.080900
265.355273 0.081000
265.517454 0.081100
265.679835 0.081200
265.842416 0.081300
266.005197 0.081400
266.168178 0.081500
266.331359 0.081600
266.494740 0.081700
266.658321 0.081800
266.822102 0.081900
266.986083 0.082000
267.150264 0.082100
267.314645 0.082200
267.479226 0.082300
267.644007 0.082400
267.808988 0.082500
267.974169 0.082600
268.139550 0.082700
268.305131 0.082800
268.470912 0.082900
268.636893 0.083000
268.803074 0.083100
268.969455 0.083200
269.136036 0.083300
269.302817 0.083400
269.469798 0.083500
269.636979 0.083600
269.804360 0.083700
269.971941 0.083800
270.139722 0.083900
270.307703 0.084000
270.475883 0.084100
270.644264 0.084200
270.812845 0.084300
270.981626 0.084400
271.150607 0.084500
271.319788 0.084600
271.489169 0.084700
271.658750 0.084800
271.828531 0.084900
271.998511 0.085000
272.168692 0.085100
272.339073 0.085200
272.509654 0.085300
272.680435 0.085400
272.851416 0.085500
273.022597 0.085600
273.193977 0.085700
273.365558 0.085800
273.537339 0.085900
273.709320 0.086000
273.881501 0.086100
274.053881 0.086200
274.226462 0.086300
274.399243 0.086400
274.572224 0.086500
274.745405 0.086600
274.918785 0.086700
275.092366 0.086800
275.266147 0.086900
275.440128 0.087000
275.614309 0.087100
275.788689 0.087200
275.963270 0.087300
276.138051 0.087400
276.313032 0.087500
276.488212 0.087600
276.663593 0.087700
276.839174 0.087800
277.014955 0.087900
277.190935 0.088000
277.367116 0.088100
277.543497 0.088200
277.720077 0.088300
277.896858 0.088400
278.073839 0.088500
278.251019 0.088600
278.428400 0.088700
278.605981 0.088800
278.783762 0.088900
278.961742 0.089000
279.139923 0.089100
279.318304 0.089200
279.496884 0.089300
279.675665 0.089400
279.854646 0.089500
280.033826 0.089600
280.213207 0.089700
280.392787 0.089800
280.572568 0.089900
280.752549 0.090000
280.932729 0.090100
281.113110 0.090200
281.293691 0.090300
281.474471 0.090400
281.655452 0.090500
281.836632 0.090600
282.018013 0.090700
282.199594 0.090800
282.381374 0.090900
282.563355 0.091000
282.745535 0.091100
282.927916 0.091200
283.110496 0.091300
283.293277 0.091400
283.476258 0.091500
283.659438 0.091600
283.842819 0.091700
284.026399 0.091800
284.210180 0.091900
284.394160 0.092000
284.578341 0.092100
284.762721 0.092200
284.947302 0.092300
285.132082 0.092400
285.317063 0.092500
285.502243 0.092600
285.687624 0.092700
285.873204 0.092800
286.058985 0.092900
286.244965 0.093000
286.431146 0.093100
286.617526 0.093200
286.804107 0.093300
286.990887 0.093400
287.177868 0.093500
287.365048 0.093600
287.552429 0.093700
287.740009 0.093800
287.927790 0.093900
288.115770 0.094000
288.303951 0.094100
288.492331 0.094200
288.680911 0.094300
288.869692 0.094400
289.058672 0.094500
289.247853 0.094600
289.437233 0.094700
289.626813 0.094800
289.816594 0.094900
290.006574 0.095000
290.196755 0.095100
290.387135 0.095200
290.577715 0.095300
290.768496 0.095400
290.959476 0.095500
291.150657 0.095600
291.342037 0.095700
291.533617 0.095800
291.725398 0.095900
291.917378 0.096000
292.109558 0.096100
292.301939 0.096200
292.494519 0.096300
292.687299 0.096400
292.880280 0.096500
293.073460 0.096600
293.266840 0.096700
293.460421 0.096800
293.654201 0.096900
293.848181 0.097000
294.042362 0.097100
294.236742 0.097200
294.431322 0.097300
294.626103 0.097400
294.821083 0.097500
295.016263 0.097600
295.211643 0.097700
295.407224 0.097800
295.603004 0.097900
295.798984 0.098000
295.995164 0.098100
296.191545 0.098200
296.388125 0.098300
296.584905 0.098400
296.781885 0.098500
296.979066 0.098600
297.176446 0.098700
297.374026 0.098800
297.571806 0.098900
297.769787 0.099000
297.967967 0.099100
298.166347 0.099200
298.364927 0.099300
298.563707 0.099400
298.762688 0.099500
298.961868 0.099600
299.161248 0.099700
299.360828 0.099800
299.560608 0.099900
299.760589 0.100000
299.960769 0.100100
300.161149 0.100200
300.361729 0.100300
300.562509 0.100400
300.763489 0.100500
300.964670 0.100600
301.166050 0.100700
301.367630 0.100800
301.569410 0.100900
301.771390 0.101000
301.973570 0.101100
302.175950 0.101200
302.378531 0.101300
302.581311 0.101400
302.784291 0.101500
302.987471 0.101600
303.190851 0.101700
303.394431 0.101800
303.598211 0.101900
303.802191 0.102000
304.006371 0.102100
304.210751 0.102200
304.415332 0.102300
304.620112 0.102400
304.825092 0.102500
305.030272 0.102600
305.235652 0.102700
305.441232 0.102800
305.647012 0.102900
305.852992 0.103000
306.059172 0.103100
306.265552 0.103200
306.472132 0.103300
306.678912 0.103400
306.885892 0.103500
307.093072 0.103600
307.300452 0.103700
307.508032 0.103800
307.715812 0.103900
307.923792 0.104000
308.131972 0.104100
308.340352 0.104200
308.548932 0.104300
308.757712 0.104400
308.966692 0.104500
309.175872 0.104600
309.385252 0.104700
309.594832 0.104800
309.804612 0.104900
310.014592 0.105000
310.224772 0.105100
310.435152 0.105200
310.645732 0.105300
310.856512 0.105400
311.067492 0.105500
311.278672 0.105600
311.490052 0.105700
311.701632 0.105800
311.913412 0.105900
312.125392 0.106000
312.337571 0.106100
312.549951 0.106200
312.762531 0.106300
312.975311 0.106400
313.188291 0.106500
313.401471 0.106600
313.614851 0.106700
313.828431 0.106800
314.042211 0.106900
314.256191 0.107000
314.470370 0.107100
314.684750 0.107200
314.899330 0.107300
315.114110 0.107400
315.329090 0.107500
315.544270 0.107600
315.759650 0.107700
315.975229 0.107800
316.191009 0.107900
316.406989 0.108000
316.623169 0.108100
316.839549 0.108200
317.056129 0.108300
317.272908 0.108400
317.489888 0.108500
317.707068 0.108600
317.924448 0.108700
318.142028 0.108800
318.359808 0.108900
318.577787 0.109000
318.795967 0.109100
319.014347 0.109200
319.232927 0.109300
319.451706 0.109400
319.670686 0.109500
319.889866 0.109600
320.109246 0.109700
320.328826 0.109800
320.548605 0.109900
320.768585 0.110000
320.988765 0.110100
321.209145 0.110200
321.429724 0.110300
321.650504 0.110400
321.871484 0.110500
322.092664 0.110600
322.314043 0.110700
322.535623 0.110800
322.757403 0.110900
322.979382 0.111000
323.201562 0.111100
323.423942 0.111200
323.646522 0.111300
323.869301 0.111400
324.092281 0.111500
324.315461 0.111600
324.538840 0.111700
324.762420 0.111800
324.986200 0.111900
325.210179 0.112000
325.434359 0.112100
325.658739 0.112200
325.883318 0.112300
326.108098 0.112400
326.333078 0.112500
326.558257 0.112600
326.783637 0.112700
327.009217 0.112800
327.234996 0.112900
327.460976 0.113000
327.687156 0.113100
327.913535 0.113200
328.140115 0.113300
328.366894 0.113400
328.593874 0.113500
328.821054 0.113600
329.048433 0.113700
329.276013 0.113800
329.503793 0.113900
329.731772 0.114000
329.959952 0.114100
330.188331 0.114200
330.416911 0.114300
330.645690 0.114400
330.874670 0.114500
331.103850 0.114600
331.333229 0.114700
331.562809 0.114800
331.792588 0.114900
332.022568 0.115000
332.252747 0.115100
332.483127 0.115200
332.713707 0.115300
332.944486 0.115400
333.175466 0.115500
333.406645 0.115600
333.638025 0.115700
333.869604 0.115800
334.101384 0.115900
334.333363 0.116000
334.565543 0.116100
334.797922 0.116200
335.030502 0.116300
335.263281 0.116400
335.496261 0.116500
335.729440 0.116600
335.962820 0.116700
336.196399 0.116800
336.430179 0.116900
336.664158 0.117000
336.898338 0.117100
337.132717 0.117200
337.367297 0.117300
337.602076 0.117400
337.837055 0.117500
338.072235 0.117600
338.307614 0.117700
338.543194 0.117800
338.778973 0.117900
339.014953 0.118000
339.251132 0.118100
339.487512 0.118200
339.724091 0.118300
339.960870 0.118400
340.197850 0.118500
340.435029 0.118600
340.672409 0.118700
340.909988 0.118800
341.147767 0.118900
341.385747 0.119000
341.623926 0.119100
341.862306 0.119200
342.100885 0.119300
342.339664 0.119400
342.578644 0.119500
342.817823 0.119600
343.057203 0.119700
343.296782 0.119800
343.536561 0.119900
343.776541 0.120000
344.016720 0.120100
344.257099 0.120200
344.497679 0.120300
344.738458 0.120400
344.979437 0.120500
345.220617 0.120600
345.461996 0.120700
345.703575 0.120800
345.945355 0.120900
346.187334 0.121000
346.429513 0.121100
346.671893 0.121200
346.914472 0.121300
347.157251 0.121400
347.400231 0.121500
347.643410 0.121600
347.886789 0.121700
348.130368 0.121800
348.374148 0.121900
348.618127 0.122000
348.862306 0.122100
349.106686 0.122200
349.351265 0.122300
349.596044 0.122400
349.841023 0.122500
350.086203 0.122600
350.331582 0.122700
350.577161 0.122800
350.822940 0.122900
351.068920 0.123000
351.315099 0.123100
351.561478 0.123200
351.808057 0.123300
352.054836 0.123400
352.301816 0.123500
352.548995 0.123600
352.796374 0.123700
353.043953 0.123800
353.291733 0.123900
353.539712 0.124000
353.787891 0.124100
354.036270 0.124200
354.284849 0.124300
354.533629 0.124400
354.782608 0.124500
355.031787 0.124600
355.281166 0.124700
355.530745 0.124800
355.780524 0.124900
356.030504 0.125000
356.280683 0.125100
356.531062 0.125200
356.781641 0.125300
357.032420 0.125400
357.283399 0.125500
357.534578 0.125600
357.785958 0.125700
358.037537 0.125800
358.289316 0.125900
358.541295 0.126000
358.793474 0.126100
359.045853 0.126200
359.298432 0.126300
359.551211 0.126400
359.804191 0.126500
360.057370 0.126600
360.310749 0.126700
360.564328 0.126800
360.818107 0.126900
361.072086 0.127000
361.326265 0.127100
361.580644 0.127200
361.835223 0.127300
362.090002 0.127400
362.344981 0.127500
362.600160 0.127600
362.855540 0.127700
363.111119 0.127800
363.366898 0.127900
363.622877 0.128000
363.879056 0.128100
364.135435 0.128200
364.392014 0.128300
364.648793 0.128400
364.905772 0.128500
365.162951 0.128600
365.420330 0.128700
365.677909 0.128800
365.935688 0.128900
366.193667 0.129000
366.451846 0.129100
366.710225 0.129200
366.968804 0.129300
367.227583 0.129400
367.486562 0.129500
367.745741 0.129600
368.005120 0.129700
368.264699 0.129800
368.524478 0.129900
368.784457 0.130000
369.044636 0.130100
369.305015 0.130200
369.565594 0.130300
369.826373 0.130400
370.087352 0.130500
370.348531 0.130600
370.609910 0.130700
370.871488 0.130800
371.133267 0.130900
371.395246 0.131000
371.657425 0.131100
371.919804 0.131200
372.182383 0.131300
372.445162 0.131400
372.708141 0.131500
372.971320 0.131600
373.234699 0.131700
373.498278 0.131800
373.762057 0.131900
374.026035 0.132000
374.290214 0.132100
374.554593 0.132200
374.819172 0.132300
375.083951 0.132400
375.348930 0.132500
375.614109 0.132600
375.879488 0.132700
376.145066 0.132800
376.410845 0.132900
376.676824 0.133000
376.943003 0.133100
377.209382 0.133200
377.475961 0.133300
377.742740 0.133400
378.009718 0.133500
378.276897 0.133600
378.544276 0.133700
378.811855 0.133800
379.079634 0.133900
379.347613 0.134000
379.615791 0.134100
379.884170 0.134200
380.152749 0.134300
380.421528 0.134400
380.690507 0.134500
380.959685 0.134600
381.229064 0.134700
381.498643 0.134800
381.768422 0.134900
382.038401 0.135000
382.308579 0.135100
382.578958 0.135200
382.849537 0.135300
383.120316 0.135400
383.391294 0.135500
383.662473 0.135600
383.933852 0.135700
384.205431 0.135800
384.477209 0.135900
384.749188 0.136000
385.021367 0.136100
385.293746 0.136200
385.566324 0.136300
385.839103 0.136400
386.112082 0.136500
386.385261 0.136600
386.658639 0.136700
386.932218 0.136800
387.205997 0.136900
387.479975 0.137000
387.754154 0.137100
388.028533 0.137200
388.303112 0.137300
388.577890 0.137400
388.852869 0.137500
389.128048 0.137600
389.403426 0.137700
389.679005 0.137800
389.954784 0.137900
390.230762 0.138000
390.506941 0.138100
390.783320 0.138200
391.059898 0.138300
391.336677 0.138400
391.613656 0.138500
391.890834 0.138600
392.168213 0.138700
392.445791 0.138800
392.723570 0.138900
393.001549 0.139000
393.279727 0.139100
393.558106 0.139200
393.836685 0.139300
394.115463 0.139400
394.394442 0.139500
394.673620 0.139600
394.952999 0.139700
395.232578 0.139800
395.512356 0.139900
395.792335 0.140000
396.072513 0.140100
396.352892 0.140200
396.633471 0.140300
396.914249 0.140400
397.195228 0.140500
397.476406 0.140600
397.757785 0.140700
398.039363 0.140800
398.321142 0.140900
398.603121 0.141000
398.885299 0.141100
399.167678 0.141200
399.450256 0.141300
399.733035 0.141400
400.016013 0.141500
400.299183 0.141600
400.582543 0.141700
400.866093 0.141800
401.149832 0.141900
401.433763 0.142000
401.717888 0.142100
402.002207 0.142200
402.286723 0.142300
402.571436 0.142400
402.856347 0.142500
403.141458 0.142600
403.426767 0.142700
403.712276 0.142800
403.997985 0.142900
404.283893 0.143000
404.570001 0.143100
404.856309 0.143200
405.142817 0.143300
405.429524 0.143400
405.716432 0.143500
406.003539 0.143600
406.290847 0.143700
406.578354 0.143800
406.866062 0.143900
407.153969 0.144000
407.442076 0.144100
407.730384 0.144200
408.018891 0.144300
408.307598 0.144400
408.596505 0.144500
408.885612 0.144600
409.174919 0.144700
409.464426 0.144800
409.754132 0.144900
410.044039 0.145000
410.334146 0.145100
410.624453 0.145200
410.914959 0.145300
411.205666 0.145400
411.496572 0.145500
411.787679 0.145600
412.078985 0.145700
412.370492 0.145800
412.662198 0.145900
412.954104 0.146000
413.246210 0.146100
413.538516 0.146200
413.831023 0.146300
414.123729 0.146400
414.416635 0.146500
414.709741 0.146600
415.003046 0.146700
415.296552 0.146800
415.590258 0.146900
415.884164 0.147000
416.178269 0.147100
416.472575 0.147200
416.767081 0.147300
417.061786 0.147400
417.356692 0.147500
417.651797 0.147600
417.947102 0.147700
418.242608 0.147800
418.538313 0.147900
418.834218 0.148000
419.130323 0.148100
419.426628 0.148200
419.723133 0.148300
420.019838 0.148400
420.316743 0.148500
420.613848 0.148600
420.911153 0.148700
421.208658 0.148800
421.506362 0.148900
421.804267 0.149000
422.102372 0.149100
422.400676 0.149200
422.699181 0.149300
422.997885 0.149400
423.296789 0.149500
423.595894 0.149600
423.895198 0.149700
424.194702 0.149800
424.494407 0.149900
424.794311 0.150000
425.094415 0.150100
425.394719 0.150200
425.695223 0.150300
425.995927 0.150400
426.296831 0.150500
426.597934 0.150600
426.899238 0.150700
427.200742 0.150800
427.502445 0.150900
427.804349 0.151000
428.106453 0.151100
428.408756 0.151200
428.711260 0.151300
429.013963 0.151400
429.316866 0.151500
429.619970 0.151600
429.923273 0.151700
430.226776 0.151800
430.530479 0.151900
430.834382 0.152000
431.138485 0.152100
431.442788 0.152200
431.747291 0.152300
432.051994 0.152400
432.356897 0.152500
432.661999 0.152600
432.967302 0.152700
433.272805 0.152800
433.578507 0.152900
433.884410 0.153000
434.190512 0.153100
434.496815 0.153200
434.803317 0.153300
435.110020 0.153400
435.416922 0.153500
435.724024 0.153600
436.031326 0.153700
436.338828 0.153800
436.646530 0.153900
436.954432 0.154000
437.262534 0.154100
437.570836 0.154200
437.879338 0.154300
438.188040 0.154400
438.496942 0.154500
438.806043 0.154600
439.115345 0.154700
439.424847 0.154800
439.734548 0.154900
440.044450 0.155000
440.354551 0.155100
440.664852 0.155200
440.975354 0.155300
441.286055 0.155400
441.596956 0.155500
441.908057 0.155600
442.219358 0.155700
442.530859 0.155800
442.842560 0.155900
443.154461 0.156000
443.466562 0.156100
443.778863 0.156200
444.091364 0.156300
444.404065 0.156400
444.716965 0.156500
445.030066 0.156600
445.343367 0.156700
445.656867 0.156800
445.970568 0.156900
446.284468 0.157000
446.598568 0.157100
446.912869 0.157200
447.227369 0.157300
447.542069 0.157400
447.856969 0.157500
448.172069 0.157600
448.487369 0.157700
448.802869 0.157800
449.118569 0.157900
449.434469 0.158000
449.750569 0.158100
450.066869 0.158200
450.383369 0.158300
450.700068 0.158400
451.016968 0.158500
451.334067 0.158600
451.651367 0.158700
451.968866 0.158800
452.286566 0.158900
452.604465 0.159000
452.922565 0.159100
453.240864 0.159200
453.559363 0.159300
453.878062 0.159400
454.196961 0.159500
454.516060 0.159600
454.835359 0.159700
455.154858 0.159800
455.474557 0.159900
455.794456 0.160000
456.114555 0.160100
456.434853 0.160200
456.755352 0.160300
457.076051 0.160400
457.396949 0.160500
457.718048 0.160600
458.039346 0.160700
458.360845 0.160800
458.682543 0.160900
459.004441 0.161000
459.326540 0.161100
459.648838 0.161200
459.971336 0.161300
460.294034 0.161400
460.616932 0.161500
460.940030 0.161600
461.263328 0.161700
461.586826 0.161800
461.910524 0.161900
462.234421 0.162000
462.558519 0.162100
462.882817 0.162200
463.207314 0.162300
463.532012 0.162400
463.856909 0.162500
464.182007 0.162600
464.507304 0.162700
464.832802 0.162800
465.158499 0.162900
465.484396 0.163000
465.810493 0.163100
466.136790 0.163200
466.463288 0.163300
466.789985 0.163400
467.116882 0.163500
467.443978 0.163600
467.771275 0.163700
468.098772 0.163800
468.426469 0.163900
468.754366 0.164000
469.082462 0.164100
469.410759 0.164200
469.739255 0.164300
470.067952 0.164400
470.396848 0.164500
470.725945 0.164600
471.055241 0.164700
471.384737 0.164800
471.714434 0.164900
472.044330 0.165000
472.374426 0.165100
472.704722 0.165200
473.035218 0.165300
473.365914 0.165400
473.696810 0.165500
474.027906 0.165600
474.359202 0.165700
474.690697 0.165800
475.022393 0.165900
475.354289 0.166000
475.686384 0.166100
476.018680 0.166200
476.351175 0.166300
476.683871 0.166400
477.016766 0.166500
477.349861 0.166600
477.683157 0.166700
478.016652 0.166800
478.350347 0.166900
478.684242 0.167000
479.018337 0.167100
479.352632 0.167200
479.687127 0.167300
480.021822 0.167400
480.356717 0.167500
480.691812 0.167600
481.027107 0.167700
481.362601 0.167800
481.698296 0.167900
482.034191 0.168000
482.370285 0.168100
482.706580 0.168200
483.043074 0.168300
483.379768 0.168400
483.716663 0.168500
484.053757 0.168600
484.391051 0.168700
484.728545 0.168800
485.066240 0.168900
485.404134 0.169000
485.742228 0.169100
486.080522 0.169200
486.419015 0.169300
486.757709 0.169400
487.096603 0.169500
487.435697 0.169600
487.774991 0.169700
488.114484 0.169800
488.454178 0.169900
488.794071 0.170000
489.134165 0.170100
489.474458 0.170200
489.814952 0.170300
490.155645 0.170400
490.496538 0.170500
490.837631 0.170600
491.178925 0.170700
491.520418 0.170800
491.862111 0.170900
492.204004 0.171000
492.546097 0.171100
492.888390 0.171200
493.230882 0.171300
493.573575 0.171400
493.916468 0.171500
494.259561 0.171600
494.602853 0.171700
494.946346 0.171800
495.290038 0.171900
495.633931 0.172000
495.978023 0.172100
496.322316 0.172200
496.666808 0.172300
497.011500 0.172400
497.356392 0.172500
497.701485 0.172600
498.046777 0.172700
498.392269 0.172800
498.737961 0.172900
499.083853 0.173000
499.429945 0.173100
499.776236 0.173200
500.122728 0.173300
500.469434 0.173400
500.816354 0.173500
501.163489 0.173600
501.510836 0.173700
501.858394 0.173800
502.206160 0.173900
502.554130 0.174000
502.902303 0.174100
503.250679 0.174200
503.599255 0.174300
503.948032 0.174400
504.297009 0.174500
504.646186 0.174600
504.995563 0.174700
505.345141 0.174800
505.694918 0.174900
506.044896 0.175000
506.395073 0.175100
506.745450 0.175200
507.096028 0.175300
507.446805 0.175400
507.797782 0.175500
508.148959 0.175600
508.500337 0.175700
508.851914 0.175800
509.203691 0.175900
509.555669 0.176000
509.907846 0.176100
510.260223 0.176200
510.612800 0.176300
510.965578 0.176400
511.318555 0.176500
511.671732 0.176600
512.025109 0.176700
512.378687 0.176800
512.732464 0.176900
513.086441 0.177000
513.440618 0.177100
513.794996 0.177200
514.149573 0.177300
514.504350 0.177400
514.859327 0.177500
515.214505 0.177600
515.569882 0.177700
515.925459 0.177800
516.281236 0.177900
516.637214 0.178000
516.993391 0.178100
517.349768 0.178200
517.706345 0.178300
518.063122 0.178400
518.420100 0.178500
518.777277 0.178600
519.134654 0.178700
519.492231 0.178800
519.850008 0.178900
520.207985 0.179000
520.566163 0.179100
520.924540 0.179200
521.283117 0.179300
521.641894 0.179400
522.000871 0.179500
522.360048 0.179600
522.719426 0.179700
523.079003 0.179800
523.438780 0.179900
523.798757 0.180000
524.158934 0.180100
524.519311 0.180200
524.879888 0.180300
525.240666 0.180400
525.601643 0.180500
525.962820 0.180600
526.324197 0.180700
526.685774 0.180800
527.047551 0.180900
527.409528 0.181000
527.771705 0.181100
528.134082 0.181200
528.496660 0.181300
528.859437 0.181400
529.222414 0.181500
529.585591 0.181600
529.948968 0.181700
530.312545 0.181800
530.676322 0.181900
531.040299 0.182000
531.404476 0.182100
531.768853 0.182200
532.133430 0.182300
532.498207 0.182400
532.863184 0.182500
533.228362 0.182600
533.593739 0.182700
533.959316 0.182800
534.325093 0.182900
534.691070 0.183000
535.057247 0.183100
535.423624 0.183200
535.790201 0.183300
536.156978 0.183400
536.523955 0.183500
536.891132 0.183600
537.258509 0.183700
537.626086 0.183800
537.993863 0.183900
538.361840 0.184000
538.730017 0.184100
539.098394 0.184200
539.466971 0.184300
539.835748 0.184400
540.204725 0.184500
540.573902 0.184600
540.943279 0.184700
541.312856 0.184800
541.682633 0.184900
542.052610 0.185000
542.422787 0.185100
542.793164 0.185200
543.163741 0.185300
543.534517 0.185400
543.905494 0.185500
544.276671 0.185600
544.648048 0.185700
545.019625 0.185800
545.391402 0.185900
545.763379 0.186000
546.135556 0.186100
546.507933 0.186200
546.880510 0.186300
547.253287 0.186400
547.626264 0.186500
547.999441 0.186600
548.372818 0.186700
548.746394 0.186800
549.120171 0.186900
549.494148 0.187000
549.868325 0.187100
550.242702 0.187200
550.617279 0.187300
550.992056 0.187400
551.367033 0.187500
551.742210 0.187600
552.117586 0.187700
552.493163 0.187800
552.868940 0.187900
553.244917 0.188000
553.621094 0.188100
553.997471 0.188200
554.374048 0.188300
554.750824 0.188400
555.127801 0.188500
555.504978 0.188600
555.882355 0.188700
556.259932 0.188800
556.637709 0.188900
557.015685 0.189000
557.393862 0.189100
557.772239 0.189200
558.150816 0.189300
558.529593 0.189400
558.908569 0.189500
559.287746 0.189600
559.667123 0.189700
560.046700 0.189800
560.426477 0.189900
560.806453 0.190000
561.186630 0.190100
561.567007 0.190200
561.947584 0.190300
562.328361 0.190400
562.709337 0.190500
563.090514 0.190600
563.471891 0.190700
563.853468 0.190800
564.235244 0.190900
564.617221 0.191000
564.999398 0.191100
565.381775 0.191200
565.764351 0.191300
566.147128 0.191400
566.530105 0.191500
566.913282 0.191600
567.296658 0.191700
567.680235 0.191800
568.064012 0.191900
568.447988 0.192000
568.832165 0.192100
569.216542 0.192200
569.601119 0.192300
569.985895 0.192400
570.370872 0.192500
570.756049 0.192600
571.141425 0.192700
571.527002 0.192800
571.912779 0.192900
572.298755 0.193000
572.684932 0.193100
573.071309 0.193200
573.457885 0.193300
573.844662 0.193400
574.231639 0.193500
574.618815 0.193600
575.006192 0.193700
575.393769 0.193800
575.781545 0.193900
576.169522 0.194000
576.557699 0.194100
576.946075 0.194200
577.334652 0.194300
577.723429 0.194400
578.112405 0.194500
578.501582 0.194600
578.890958 0.194700
579.280535 0.194800
579.670312 0.194900
580.060288 0.195000
580.450465 0.195100
580.840841 0.195200
581.231418 0.195300
581.622195 0.195400
582.013171 0.195500
582.404348 0.195600
582.795724 0.195700
583.187301 0.195800
583.579078 0.195900
583.971054 0.196000
584.363231 0.196100
584.755607 0.196200
585.148184 0.196300
585.540960 0.196400
585.933937 0.196500
586.327114 0.196600
586.720490 0.196700
587.114067 0.196800
587.507843 0.196900
587.901820 0.197000
588.295996 0.197100
588.690373 0.197200
589.084949 0.197300
589.479726 0.197400
589.874702 0.197500
590.269879 0.197600
590.665255 0.197700
591.060832 0.197800
591.456608 0.197900
591.852585 0.198000
592.248761 0.198100
592.645138 0.198200
593.041714 0.198300
593.438491 0.198400
593.835467 0.198500
594.232644 0.198600
594.630020 0.198700
595.027597 0.198800
595.425373 0.198900
595.823350 0.199000
596.221526 0.199100
596.619903 0.199200
597.018479 0.199300
597.417256 0.199400
597.816232 0.199500
598.215409 0.199600
598.614785 0.199700
599.014361 0.199800
599.414138 0.199900
599.814114 0.200000
600.214291 0.200100
600.614667 0.200200
601.015244 0.200300
601.416020 0.200400
601.816996 0.200500
602.218173 0.200600
602.619549 0.200700
603.021126 0.200800
603.422902 0.200900
603.824878 0.201000
604.227055 0.201100
604.629431 0.201200
605.032008 0.201300
605.434784 0.201400
605.837760 0.201500
606.240937 0.201600
606.644313 0.201700
607.047890 0.201800
607.451666 0.201900
607.855642 0.202000
608.259819 0.202100
608.664195 0.202200
609.068771 0.202300
609.473548 0.202400
609.878524 0.202500
610.283700 0.202600
610.689077 0.202700
611.094653 0.202800
611.500429 0.202900
611.906406 0.203000
612.312582 0.203100
612.718958 0.203200
613.125535 0.203300
613.532311 0.203400
613.939287 0.203500
614.346464 0.203600
614.753840 0.203700
615.161416 0.203800
615.569193 0.203900
615.977169 0.204000
616.385345 0.204100
616.793721 0.204200
617.202298 0.204300
617.611074 0.204400
618.020050 0.204500
618.429227 0.204600
618.838603 0.204700
619.248179 0.204800
619.657955 0.204900
620.067932 0.205000
620.478108 0.205100
620.888484 0.205200
621.299060 0.205300
621.709837 0.205400
622.120813 0.205500
622.531989 0.205600
622.943365 0.205700
623.354942 0.205800
623.766718 0.205900
624.178694 0.206000
624.590870 0.206100
625.003246 0.206200
625.415823 0.206300
625.828599 0.206400
626.241575 0.206500
626.654751 0.206600
627.068127 0.206700
627.481704 0.206800
627.895480 0.206900
628.309456 0.207000
628.723632 0.207100
629.138008 0.207200
629.552585 0.207300
629.967361 0.207400
630.382337 0.207500
630.797513 0.207600
631.212889 0.207700
631.628465 0.207800
632.044242 0.207900
632.460218 0.208000
632.876394 0.208100
633.292770 0.208200
633.709346 0.208300
634.126122 0.208400
634.543098 0.208500
634.960275 0.208600
635.377651 0.208700
635.795227 0.208800
636.213003 0.208900
636.630979 0.209000
637.049155 0.209100
637.467531 0.209200
637.886107 0.209300
638.304884 0.209400
638.723860 0.209500
639.143036 0.209600
639.562412 0.209700
639.981988 0.209800
640.401764 0.209900
640.821740 0.210000
641.241916 0.210100
641.662292 0.210200
642.082868 0.210300
642.503644 0.210400
642.924620 0.210500
643.345796 0.210600
643.767173 0.210700
644.188749 0.210800
644.610525 0.210900
645.032501 0.211000
645.454677 0.211100
645.877053 0.211200
646.299629 0.211300
646.722405 0.211400
647.145381 0.211500
647.568557 0.211600
647.991933 0.211700
648.415509 0.211800
648.839285 0.211900
649.263261 0.212000
649.687437 0.212100
650.111813 0.212200
650.536389 0.212300
650.961165 0.212400
651.386141 0.212500
651.811317 0.212600
652.236693 0.212700
652.662269 0.212800
653.088045 0.212900
653.514021 0.213000
653.940197 0.213100
654.366573 0.213200
654.793149 0.213300
655.219925 0.213400
655.646901 0.213500
656.074077 0.213600
656.501453 0.213700
656.929029 0.213800
657.356805 0.213900
657.784781 0.214000
658.212956 0.214100
658.641332 0.214200
659.069908 0.214300
659.498684 0.214400
659.927660 0.214500
660.356836 0.214600
660.786212 0.214700
661.215788 0.214800
661.645564 0.214900
662.075540 0.215000
662.505716 0.215100
662.936092 0.215200
663.366667 0.215300
663.797443 0.215400
664.228419 0.215500
664.659595 0.215600
665.090971 0.215700
665.522547 0.215800
665.954323 0.215900
666.386299 0.216000
666.818475 0.216100
667.250850 0.216200
667.683426 0.216300
668.116202 0.216400
668.549178 0.216500
668.982354 0.216600
669.415730 0.216700
669.849306 0.216800
670.283081 0.216900
670.717057 0.217000
671.151233 0.217100
671.585609 0.217200
672.020185 0.217300
672.454961 0.217400
672.889936 0.217500
673.325112 0.217600
673.760488 0.217700
674.196064 0.217800
674.631840 0.217900
675.067815 0.218000
675.503991 0.218100
675.940367 0.218200
676.376943 0.218300
676.813719 0.218400
677.250694 0.218500
677.687870 0.218600
678.125246 0.218700
678.562822 0.218800
679.000597 0.218900
679.438573 0.219000
679.876749 0.219100
680.315125 0.219200
680.753701 0.219300
681.192476 0.219400
681.631452 0.219500
682.070628 0.219600
682.510004 0.219700
682.949579 0.219800
683.389355 0.219900
683.829331 0.220000
684.269506 0.220100
684.709882 0.220200
685.150458 0.220300
685.591234 0.220400
686.032209 0.220500
686.473385 0.220600
686.914761 0.220700
687.356336 0.220800
687.798112 0.220900
688.240088 0.221000
688.682264 0.221100
689.124639 0.221200
689.567215 0.221300
690.009991 0.221400
690.452966 0.221500
690.896142 0.221600
691.339518 0.221700
691.783093 0.221800
692.226869 0.221900
692.670845 0.222000
693.115020 0.222100
693.559396 0.222200
694.003972 0.222300
694.448747 0.222400
694.893723 0.222500
695.338899 0.222600
695.784274 0.222700
696.229850 0.222800
696.675625 0.222900
697.121601 0.223000
697.567777 0.223100
698.014152 0.223200
698.460728 0.223300
698.907504 0.223400
699.354479 0.223500
699.801655 0.223600
700.249030 0.223700
700.696606 0.223800
701.144382 0.223900
701.592357 0.224000
702.040533 0.224100
702.488908 0.224200
702.937484 0.224300
703.386260 0.224400
703.835235 0.224500
704.284411 0.224600
704.733786 0.224700
705.183362 0.224800
705.633137 0.224900
706.083113 0.225000
706.533288 0.225100
706.983664 0.225200
707.434240 0.225300
707.885015 0.225400
708.335991 0.225500
708.787166 0.225600
709.238542 0.225700
709.690117 0.225800
710.141893 0.225900
710.593868 0.226000
711.046044 0.226100
711.498419 0.226200
711.950995 0.226300
712.403770 0.226400
712.856746 0.226500
713.309921 0.226600
713.763297 0.226700
714.216872 0.226800
714.670648 0.226900
715.124623 0.227000
715.578799 0.227100
716.033174 0.227200
716.487750 0.227300
716.942525 0.227400
717.397501 0.227500
717.852676 0.227600
718.308052 0.227700
718.763627 0.227800
719.219403 0.227900
719.675378 0.228000
720.131554 0.228100
720.587929 0.228200
721.044504 0.228300
721.501280 0.228400
721.958255 0.228500
722.415431 0.228600
722.872806 0.228700
723.330382 0.228800
723.788157 0.228900
724.246132 0.229000
724.704308 0.229100
725.162683 0.229200
725.621259 0.229300
726.080034 0.229400
726.539009 0.229500
726.998185 0.229600
727.457560 0.229700
727.917136 0.229800
728.376911 0.229900
728.836886 0.230000
729.297062 0.230100
729.757437 0.230200
730.218013 0.230300
730.678788 0.230400
731.139763 0.230500
731.600939 0.230600
732.062314 0.230700
732.523889 0.230800
732.985665 0.230900
733.447640 0.231000
733.909815 0.231100
734.372191 0.231200
734.834766 0.231300
735.297541 0.231400
735.760517 0.231500
736.223692 0.231600
736.687067 0.231700
737.150643 0.231800
737.614418 0.231900
738.078393 0.232000
738.542569 0.232100
739.006944 0.232200
739.471519 0.232300
739.936295 0.232400
740.401270 0.232500
740.866445 0.232600
741.331820 0.232700
741.797396 0.232800
742.263171 0.232900
742.729146 0.233000
743.195322 0.233100
743.661697 0.233200
744.128272 0.233300
744.595047 0.233400
745.062023 0.233500
745.529198 0.233600
745.996573 0.233700
746.464148 0.233800
746.931924 0.233900
747.399899 0.234000
747.868074 0.234100
748.336449 0.234200
748.805025 0.234300
749.273800 0.234400
749.742775 0.234500
750.211950 0.234600
750.681326 0.234700
751.150901 0.234800
751.620676 0.234900
752.090651 0.235000
752.560826 0.235100
753.031202 0.235200
753.501777 0.235300
753.972552 0.235400
754.443527 0.235500
754.914702 0.235600
755.386078 0.235700
755.857653 0.235800
756.329428 0.235900
756.801403 0.236000
757.273578 0.236100
757.745953 0.236200
758.218529 0.236300
758.691304 0.236400
759.164279 0.236500
759.637454 0.236600
760.110829 0.236700
760.584404 0.236800
761.058179 0.236900
761.532155 0.237000
762.006330 0.237100
762.480705 0.237200
762.955280 0.237300
763.430055 0.237400
763.905030 0.237500
764.380205 0.237600
764.855581 0.237700
765.331156 0.237800
765.806931 0.237900
766.282906 0.238000
766.759081 0.238100
767.235456 0.238200
767.712031 0.238300
768.188806 0.238400
768.665781 0.238500
769.142956 0.238600
769.620331 0.238700
770.097907 0.238800
770.575682 0.238900
771.053657 0.239000
771.531832 0.239100
772.010207 0.239200
772.488782 0.239300
772.967557 0.239400
773.446532 0.239500
773.925707 0.239600
774.405082 0.239700
774.884657 0.239800
775.364432 0.239900
775.844407 0.240000
776.324582 0.240100
776.804957 0.240200
777.285532 0.240300
777.766307 0.240400
778.247282 0.240500
778.728457 0.240600
779.209832 0.240700
779.691407 0.240800
780.173182 0.240900
780.655157 0.241000
781.137332 0.241100
781.619707 0.241200
782.102282 0.241300
782.585057 0.241400
783.068032 0.241500
783.551207 0.241600
784.034582 0.241700
784.518157 0.241800
785.001932 0.241900
785.485907 0.242000
785.970082 0.242100
786.454457 0.242200
786.939032 0.242300
787.423807 0.242400
787.908782 0.242500
788.393957 0.242600
788.879332 0.242700
789.364907 0.242800
789.850682 0.242900
790.336657 0.243000
790.822832 0.243100
791.309207 0.243200
791.795781 0.243300
792.282556 0.243400
792.769531 0.243500
793.256706 0.243600
793.744081 0.243700
794.231656 0.243800
794.719431 0.243900
795.207406 0.244000
795.695581 0.244100
796.183956 0.244200
796.672530 0.244300
797.161305 0.244400
797.650280 0.244500
798.139455 0.244600
798.628830 0.244700
799.118405 0.244800
799.608180 0.244900
800.098155 0.245000
800.588329 0.245100
801.078704 0.245200
801.569279 0.245300
802.060054 0.245400
802.551029 0.245500
803.042204 0.245600
803.533579 0.245700
804.025153 0.245800
804.516928 0.245900
805.008903 0.246000
805.501078 0.246100
805.993453 0.246200
806.486027 0.246300
806.978802 0.246400
807.471777 0.246500
807.964952 0.246600
808.458327 0.246700
808.951901 0.246800
809.445676 0.246900
809.939651 0.247000
810.433826 0.247100
810.928201 0.247200
811.422775 0.247300
811.917550 0.247400
812.412525 0.247500
812.907700 0.247600
813.403075 0.247700
813.898649 0.247800
814.394424 0.247900
814.890399 0.248000
815.386574 0.248100
815.882948 0.248200
816.379523 0.248300
816.876298 0.248400
817.373273 0.248500
817.870447 0.248600
818.367822 0.248700
818.865397 0.248800
819.363171 0.248900
819.861146 0.249000
820.359321 0.249100
820.857696 0.249200
821.356270 0.249300
821.855045 0.249400
822.354020 0.249500
822.853194 0.249600
823.352569 0.249700
823.852144 0.249800
824.351919 0.249900
824.851893 0.250000
825.352068 0.250100
825.852443 0.250200
826.353017 0.250300
826.853792 0.250400
827.354767 0.250500
827.855941 0.250600
828.357316 0.250700
828.858891 0.250800
829.360665 0.250900
829.862640 0.251000
830.364815 0.251100
830.867189 0.251200
831.369764 0.251300
831.872538 0.251400
832.375513 0.251500
832.878688 0.251600
833.382062 0.251700
833.885637 0.251800
834.389412 0.251900
834.893386 0.252000
835.397561 0.252100
835.901935 0.252200
836.406510 0.252300
836.911285 0.252400
837.416259 0.252500
837.921434 0.252600
838.426808 0.252700
838.932383 0.252800
839.438158 0.252900
839.944132 0.253000
840.450307 0.253100
840.956681 0.253200
841.463256 0.253300
841.970031 0.253400
842.477005 0.253500
842.984180 0.253600
843.491554 0.253700
843.999129 0.253800
844.506903 0.253900
845.014878 0.254000
845.523052 0.254100
846.031427 0.254200
846.540002 0.254300
847.048776 0.254400
847.557751 0.254500
848.066925 0.254600
848.576300 0.254700
849.085874 0.254800
849.595649 0.254900
850.105623 0.255000
850.615798 0.255100
851.126172 0.255200
851.636747 0.255300
852.147521 0.255400
852.658496 0.255500
853.169670 0.255600
853.681045 0.255700
854.192619 0.255800
854.704394 0.255900
855.216368 0.256000
855.728543 0.256100
856.240917 0.256200
856.753492 0.256300
857.266266 0.256400
857.779240 0.256500
858.292415 0.256600
858.805789 0.256700
859.319364 0.256800
859.833138 0.256900
860.347113 0.257000
860.861287 0.257100
861.375662 0.257200
861.890236 0.257300
862.405010 0.257400
862.919985 0.257500
863.435159 0.257600
863.950534 0.257700
864.466108 0.257800
864.981883 0.257900
865.497857 0.258000
866.014031 0.258100
866.530406 0.258200
867.046980 0.258300
867.563755 0.258400
868.080729 0.258500
868.597903 0.258600
869.115278 0.258700
869.632852 0.258800
870.150627 0.258900
870.668601 0.259000
871.186775 0.259100
871.705150 0.259200
872.223724 0.259300
872.742498 0.259400
873.261473 0.259500
873.780647 0.259600
874.300021 0.259700
874.819596 0.259800
875.339370 0.259900
875.859344 0.260000
876.379519 0.260100
876.899893 0.260200
877.420467 0.260300
877.941242 0.260400
878.462216 0.260500
878.983390 0.260600
879.504765 0.260700
880.026339 0.260800
880.548113 0.260900
881.070088 0.261000
881.592262 0.261100
882.114636 0.261200
882.637211 0.261300
883.159985 0.261400
883.682959 0.261500
884.206133 0.261600
884.729508 0.261700
885.253082 0.261800
885.776856 0.261900
886.300831 0.262000
886.825005 0.262100
887.349379 0.262200
887.873953 0.262300
888.398728 0.262400
888.923702 0.262500
889.448876 0.262600
889.974250 0.262700
890.499825 0.262800
891.025599 0.262900
891.551573 0.263000
892.077747 0.263100
892.604122 0.263200
893.130696 0.263300
893.657470 0.263400
894.184444 0.263500
894.711618 0.263600
895.238993 0.263700
895.766567 0.263800
896.294341 0.263900
896.822315 0.264000
897.350489 0.264100
897.878864 0.264200
898.407438 0.264300
898.936212 0.264400
899.465186 0.264500
899.994360 0.264600
900.523735 0.264700
901.053238 0.264800
901.582904 0.264900
902.112751 0.265000
902.642791 0.265100
903.173031 0.265200
903.703471 0.265300
904.234112 0.265400
904.764954 0.265500
905.295997 0.265600
905.827240 0.265700
906.358683 0.265800
906.890326 0.265900
907.422169 0.266000
907.954212 0.266100
908.486454 0.266200
909.018897 0.266300
909.551540 0.266400
910.084382 0.266500
910.617425 0.266600
911.150667 0.266700
911.684109 0.266800
912.217752 0.266900
912.751594 0.267000
913.285636 0.267100
913.819878 0.267200
914.354320 0.267300
914.888962 0.267400
915.423804 0.267500
915.958846 0.267600
916.494088 0.267700
917.029530 0.267800
917.565172 0.267900
918.101013 0.268000
918.637055 0.268100
919.173297 0.268200
919.709738 0.268300
920.246380 0.268400
920.783221 0.268500
921.320263 0.268600
921.857504 0.268700
922.394945 0.268800
922.932587 0.268900
923.470428 0.269000
924.008469 0.269100
924.546710 0.269200
925.085151 0.269300
925.623792 0.269400
926.162633 0.269500
926.701674 0.269600
927.240915 0.269700
927.780355 0.269800
928.319996 0.269900
928.859837 0.270000
929.399877 0.270100
929.940118 0.270200
930.480559 0.270300
931.021199 0.270400
931.562039 0.270500
932.103080 0.270600
932.644320 0.270700
933.185760 0.270800
933.727400 0.270900
934.269241 0.271000
934.811281 0.271100
935.353521 0.271200
935.895961 0.271300
936.438601 0.271400
936.981441 0.271500
937.524480 0.271600
938.067720 0.271700
938.611160 0.271800
939.154799 0.271900
939.698639 0.272000
940.242679 0.272100
940.786918 0.272200
941.331358 0.272300
941.875997 0.272400
942.420836 0.272500
942.965876 0.272600
943.511115 0.272700
944.056554 0.272800
944.602193 0.272900
945.148032 0.273000
945.694071 0.273100
946.240310 0.273200
946.786749 0.273300
947.333388 0.273400
947.880227 0.273500
948.427266 0.273600
948.974504 0.273700
949.521943 0.273800
950.069582 0.273900
950.617420 0.274000
951.165459 0.274100
951.713697 0.274200
952.262136 0.274300
952.810774 0.274400
953.359612 0.274500
953.908650 0.274600
954.457889 0.274700
955.007327 0.274800
955.556965 0.274900
956.106803 0.275000
956.656841 0.275100
957.207079 0.275200
957.757517 0.275300
958.308154 0.275400
958.858992 0.275500
959.410030 0.275600
959.961268 0.275700
960.512705 0.275800
961.064343 0.275900
961.616180 0.276000
962.168218 0.276100
962.720455 0.276200
963.272892 0.276300
963.825530 0.276400
964.378367 0.276500
964.931404 0.276600
965.484641 0.276700
966.038078 0.276800
966.591715 0.276900
967.145552 0.277000
967.699589 0.277100
968.253826 0.277200
968.808263 0.277300
969.362900 0.277400
969.917736 0.277500
970.472773 0.277600
971.028010 0.277700
971.583446 0.277800
972.139083 0.277900
972.694919 0.278000
973.250955 0.278100
973.807192 0.278200
974.363628 0.278300
974.920264 0.278400
975.477100 0.278500
976.034137 0.278600
976.591373 0.278700
977.148809 0.278800
977.706445 0.278900
978.264280 0.279000
978.822316 0.279100
979.380552 0.279200
979.938988 0.279300
980.497624 0.279400
981.056459 0.279500
981.615495 0.279600
982.174730 0.279700
982.734166 0.279800
983.293801 0.279900
983.853637 0.280000
984.413672 0.280100
984.973907 0.280200
985.534343 0.280300
986.094978 0.280400
986.655813 0.280500
987.216848 0.280600
987.778083 0.280700
988.339518 0.280800
988.901153 0.280900
989.462988 0.281000
990.025022 0.281100
990.587257 0.281200
991.149692 0.281300
991.712327 0.281400
992.275161 0.281500
992.838196 0.281600
993.401430 0.281700
993.964865 0.281800
994.528499 0.281900
995.092333 0.282000
995.656368 0.282100
996.220602 0.282200
996.785036 0.282300
997.349670 0.282400
997.914504 0.282500
998.479538 0.282600
999.044772 0.282700
999.610206 0.282800
1000.175840 0.282900
1000.741725 0.283000
1001.307841 0.283100
1001.874182 0.283200
1002.440740 0.283300
1003.007509 0.283400
1003.574483 0.283500
1004.141658 0.283600
1004.709033 0.283700
1005.276608 0.283800
1005.844382 0.283900
1006.412355 0.284000
1006.980529 0.284100
1007.548902 0.284200
1008.117476 0.284300
1008.686249 0.284400
1009.255223 0.284500
1009.824396 0.284600
1010.393770 0.284700
1010.963343 0.284800
1011.533117 0.284900
1012.103090 0.285000
1012.673264 0.285100
1013.243637 0.285200
1013.814210 0.285300
1014.384984 0.285400
1014.955957 0.285500
1015.527131 0.285600
1016.098504 0.285700
1016.670078 0.285800
1017.241851 0.285900
1017.813825 0.286000
1018.385998 0.286100
1018.958371 0.286200
1019.530945 0.286300
1020.103718 0.286400
1020.676692 0.286500
1021.249865 0.286600
1021.823239 0.286700
1022.396812 0.286800
1022.970585 0.286900
1023.544559 0.287000
1024.118732 0.287100
1024.693106 0.287200
1025.267679 0.287300
1025.842452 0.287400
1026.417426 0.287500
1026.992599 0.287600
1027.567973 0.287700
1028.143546 0.287800
1028.719319 0.287900
1029.295293 0.288000
1029.871466 0.288100
1030.447839 0.288200
1031.024413 0.288300
1031.601186 0.288400
1032.178159 0.288500
1032.755333 0.288600
1033.332706 0.288700
1033.910279 0.288800
1034.488053 0.288900
1035.066026 0.289000
1035.644199 0.289100
1036.222573 0.289200
1036.801146 0.289300
1037.379919 0.289400
1037.958893 0.289500
1038.538066 0.289600
1039.117439 0.289700
1039.697013 0.289800
1040.276786 0.289900
1040.856759 0.290000
1041.436933 0.290100
1042.017306 0.290200
1042.597879 0.290300
1043.178652 0.290400
1043.759626 0.290500
1044.340799 0.290600
1044.922172 0.290700
1045.503746 0.290800
1046.085519 0.290900
1046.667492 0.291000
1047.249665 0.291100
1047.832039 0.291200
1048.414612 0.291300
1048.997385 0.291400
1049.580358 0.291500
1050.163532 0.291600
1050.746905 0.291700
1051.330478 0.291800
1051.914251 0.291900
1052.498225 0.292000
1053.082398 0.292100
1053.666771 0.292200
1054.251344 0.292300
1054.836117 0.292400
1055.421091 0.292500
1056.006264 0.292600
1056.591637 0.292700
1057.177210 0.292800
1057.762983 0.292900
1058.348957 0.293000
1058.935130 0.293100
1059.521503 0.293200
1060.108076 0.293300
1060.694849 0.293400
1061.281823 0.293500
1061.868996 0.293600
1062.456369 0.293700
1063.043942 0.293800
1063.631715 0.293900
1064.219688 0.294000
1064.807862 0.294100
1065.396235 0.294200
1065.984808 0.294300
1066.573581 0.294400
1067.162554 0.294500
1067.751727 0.294600
1068.341100 0.294700
1068.930674 0.294800
1069.520447 0.294900
1070.110420 0.295000
1070.700593 0.295100
1071.290966 0.295200
1071.881539 0.295300
1072.472312 0.295400
1073.063285 0.295500
1073.654459 0.295600
1074.245832 0.295700
1074.837405 0.295800
1075.429178 0.295900
1076.021151 0.296000
1076.613324 0.296100
1077.205697 0.296200
1077.798270 0.296300
1078.391043 0.296400
1078.984016 0.296500
1079.577189 0.296600
1080.170562 0.296700
1080.764136 0.296800
1081.357909 0.296900
1081.951882 0.297000
1082.546055 0.297100
1083.140428 0.297200
1083.735001 0.297300
1084.329774 0.297400
1084.924747 0.297500
1085.519920 0.297600
1086.115293 0.297700
1086.710866 0.297800
1087.306639 0.297900
1087.902612 0.298000
1088.498785 0.298100
1089.095158 0.298200
1089.691731 0.298300
1090.288504 0.298400
1090.885477 0.298500
1091.482650 0.298600
1092.080023 0.298700
1092.677596 0.298800
1093.275369 0.298900
1093.873342 0.299000
1094.471515 0.299100
1095.069888 0.299200
1095.668461 0.299300
1096.267234 0.299400
1096.866207 0.299500
1097.465380 0.299600
1098.064753 0.299700
1098.664326 0.299800
1099.264099 0.299900
1099.864072 0.300000
1100.464245 0.300100
1101.064618 0.300200
1101.665191 0.300300
1102.265964 0.300400
1102.866937 0.300500
1103.468109 0.300600
1104.069482 0.300700
1104.671055 0.300800
1105.272828 0.300900
1105.874801 0.301000
1106.476974 0.301100
1107.079347 0.301200
1107.681920 0.301300
1108.284693 0.301400
1108.887666 0.301500
1109.490839 0.301600
1110.094211 0.301700
1110.697784 0.301800
1111.301557 0.301900
1111.905530 0.302000
1112.509703 0.302100
1113.114076 0.302200
1113.718649 0.302300
1114.323422 0.302400
1114.928395 0.302500
1115.533567 0.302600
1116.138940 0.302700
1116.744513 0.302800
1117.350286 0.302900
1117.956259 0.303000
1118.562432 0.303100
1119.168804 0.303200
1119.775377 0.303300
1120.382150 0.303400
1120.989123 0.303500
1121.596296 0.303600
1122.203669 0.303700
1122.811241 0.303800
1123.419014 0.303900
1124.026987 0.304000
1124.635160 0.304100
1125.243533 0.304200
1125.852106 0.304300
1126.460878 0.304400
1127.069851 0.304500
1127.679024 0.304600
1128.288397 0.304700
1128.897969 0.304800
1129.507742 0.304900
1130.117715 0.305000
1130.727888 0.305100
1131.338261 0.305200
1131.948833 0.305300
1132.559606 0.305400
1133.170579 0.305500
1133.781752 0.305600
1134.393124 0.305700
1135.004697 0.305800
1135.616470 0.305900
1136.228443 0.306000
1136.840615 0.306100
1137.452988 0.306200
1138.065561 0.306300
1138.678334 0.306400
1139.291306 0.306500
1139.904479 0.306600
1140.517852 0.306700
1141.131425 0.306800
1141.745197 0.306900
1142.359170 0.307000
1142.973343 0.307100
1143.587715 0.307200
1144.202288 0.307300
1144.817061 0.307400
1145.432033 0.307500
1146.047206 0.307600
1146.662579 0.307700
1147.278152 0.307800
1147.893924 0.307900
1148.509897 0.308000
1149.126070 0.308100
1149.742442 0.308200
1150.359015 0.308300
1150.975788 0.308400
1151.592760 0.308500
1152.209933 0.308600
1152.827306 0.308700
1153.444878 0.308800
1154.062651 0.308900
1154.680623 0.309000
1155.298796 0.309100
1155.917169 0.309200
1156.535741 0.309300
1157.154514 0.309400
1157.773487 0.309500
1158.392659 0.309600
1159.012032 0.309700
1159.631604 0.309800
1160.251377 0.309900
1160.871350 0.310000
1161.491522 0.310100
1162.111895 0.310200
1162.732467 0.310300
1163.353240 0.310400
1163.974213 0.310500
1164.595385 0.310600
1165.216758 0.310700
1165.838330 0.310800
1166.460103 0.310900
1167.082076 0.311000
1167.704248 0.311100
1168.326621 0.311200
1168.949193 0.311300
1169.571966 0.311400
1170.194938 0.311500
1170.818111 0.311600
1171.441483 0.311700
1172.065056 0.311800
1172.688829 0.311900
1173.312801 0.312000
1173.936974 0.312100
1174.561346 0.312200
1175.185919 0.312300
1175.810691 0.312400
1176.435664 0.312500
1177.060836 0.312600
1177.686209 0.312700
1178.311781 0.312800
1178.937554 0.312900
1179.563526 0.313000
1180.189699 0.313100
1180.816071 0.313200
1181.442644 0.313300
1182.069416 0.313400
1182.696389 0.313500
1183.323561 0.313600
1183.950934 0.313700
1184.578506 0.313800
1185.206279 0.313900
1185.834251 0.314000
1186.462424 0.314100
1187.090796 0.314200
1187.719369 0.314300
1188.348141 0.314400
1188.977113 0.314500
1189.606286 0.314600
1190.235658 0.314700
1190.865231 0.314800
1191.495003 0.314900
1192.124976 0.315000
1192.755148 0.315100
1193.385520 0.315200
1194.016093 0.315300
1194.646865 0.315400
1195.277838 0.315500
1195.909010 0.315600
1196.540383 0.315700
1197.171955 0.315800
1197.803727 0.315900
1198.435700 0.316000
1199.067872 0.316100
1199.700245 0.316200
1200.332817 0.316300
1200.965589 0.316400
1201.598562 0.316500
1202.231734 0.316600
1202.865106 0.316700
1203.498679 0.316800
1204.132451 0.316900
1204.766424 0.317000
1205.400596 0.317100
1206.034968 0.317200
1206.669541 0.317300
1207.304313 0.317400
1207.939285 0.317500
1208.574458 0.317600
1209.209830 0.317700
1209.845402 0.317800
1210.481175 0.317900
1211.117147 0.318000
1211.753319 0.318100
1212.389692 0.318200
1213.026264 0.318300
1213.663036 0.318400
1214.300009 0.318500
1214.937181 0.318600
1215.574553 0.318700
1216.212126 0.318800
1216.849898 0.318900
1217.487870 0.319000
1218.126042 0.319100
1218.764415 0.319200
1219.402987 0.319300
1220.041759 0.319400
1220.680732 0.319500
1221.319904 0.319600
1221.959276 0.319700
1222.598848 0.319800
1223.238621 0.319900
1223.878593 0.320000
1224.518765 0.320100
1225.159137 0.320200
1225.799710 0.320300
1226.440482 0.320400
1227.081454 0.320500
1227.722626 0.320600
1228.363999 0.320700
1229.005571 0.320800
1229.647343 0.320900
1230.289315 0.321000
1230.931488 0.321100
1231.573860 0.321200
1232.216432 0.321300
1232.859204 0.321400
1233.502176 0.321500
1234.145349 0.321600
1234.788721 0.321700
1235.432293 0.321800
1236.076065 0.321900
1236.720037 0.322000
1237.364210 0.322100
1238.008582 0.322200
1238.653154 0.322300
1239.297926 0.322400
1239.942898 0.322500
1240.588070 0.322600
1241.233443 0.322700
1241.879015 0.322800
1242.524787 0.322900
1243.170759 0.323000
1243.816931 0.323100
1244.463303 0.323200
1245.109876 0.323300
1245.756648 0.323400
1246.403620 0.323500
1247.050792 0.323600
1247.698164 0.323700
1248.345736 0.323800
1248.993508 0.323900
1249.641481 0.324000
1250.289653 0.324100
1250.938025 0.324200
1251.586597 0.324300
1252.235369 0.324400
1252.884341 0.324500
1253.533513 0.324600
1254.182885 0.324700
1254.832457 0.324800
1255.482229 0.324900
1256.132202 0.325000
1256.782374 0.325100
1257.432746 0.325200
1258.083318 0.325300
1258.734090 0.325400
1259.385062 0.325500
1260.036234 0.325600
1260.687606 0.325700
1261.339178 0.325800
1261.990950 0.325900
1262.642922 0.326000
1263.295094 0.326100
1263.947466 0.326200
1264.600038 0.326300
1265.252810 0.326400
1265.905782 0.326500
1266.558954 0.326600
1267.212327 0.326700
1267.865899 0.326800
1268.519671 0.326900
1269.173643 0.327000
1269.827815 0.327100
1270.482187 0.327200
1271.136759 0.327300
1271.791531 0.327400
1272.446503 0.327500
1273.101675 0.327600
1273.757047 0.327700
1274.412619 0.327800
1275.068391 0.327900
1275.724363 0.328000
1276.380535 0.328100
1277.036907 0.328200
1277.693478 0.328300
1278.350250 0.328400
1279.007222 0.328500
1279.664394 0.328600
1280.321766 0.328700
1280.979338 0.328800
1281.637110 0.328900
1282.295082 0.329000
1282.953254 0.329100
1283.611626 0.329200
1284.270198 0.329300
1284.928970 0.329400
1285.587942 0.329500
1286.247114 0.329600
1286.906486 0.329700
1287.566058 0.329800
1288.225830 0.329900
1288.885802 0.330000
1289.545973 0.330100
1290.206345 0.330200
1290.866917 0.330300
1291.527689 0.330400
1292.188661 0.330500
1292.849833 0.330600
1293.511205 0.330700
1294.172777 0.330800
1294.834549 0.330900
1295.496520 0.331000
1296.158692 0.331100
1296.821064 0.331200
1297.483636 0.331300
1298.146408 0.331400
1298.809380 0.331500
1299.472552 0.331600
1300.135924 0.331700
1300.799495 0.331800
1301.463267 0.331900
1302.127239 0.332000
1302.791411 0.332100
1303.455783 0.332200
1304.120355 0.332300
1304.785126 0.332400
1305.450098 0.332500
1306.115270 0.332600
1306.780642 0.332700
1307.446214 0.332800
1308.111986 0.332900
1308.777957 0.333000
1309.444129 0.333100
1310.110501 0.333200
1310.777073 0.333300
1311.443845 0.333400
1312.110816 0.333500
1312.777988 0.333600
1313.445360 0.333700
1314.112932 0.333800
1314.780703 0.333900
1315.448675 0.334000
1316.116847 0.334100
1316.785219 0.334200
1317.453791 0.334300
1318.122562 0.334400
1318.791534 0.334500
1319.460706 0.334600
1320.130078 0.334700
1320.799649 0.334800
1321.469421 0.334900
1322.139393 0.335000
1322.809565 0.335100
1323.479936 0.335200
1324.150508 0.335300
1324.821280 0.335400
1325.492251 0.335500
1326.163423 0.335600
1326.834795 0.335700
1327.506367 0.335800
1328.178138 0.335900
1328.850110 0.336000
1329.522282 0.336100
1330.194653 0.336200
1330.867225 0.336300
1331.539997 0.336400
1332.212969 0.336500
1332.886140 0.336600
1333.559512 0.336700
1334.233084 0.336800
1334.906855 0.336900
1335.580827 0.337000
1336.254999 0.337100
1336.929370 0.337200
1337.603942 0.337300
1338.278714 0.337400
1338.953685 0.337500
1339.628857 0.337600
1340.304229 0.337700
1340.979800 0.337800
1341.655572 0.337900
1342.331543 0.338000
1343.007715 0.338100
1343.684087 0.338200
1344.360658 0.338300
1345.037430 0.338400
1345.714402 0.338500
1346.391573 0.338600
1347.068945 0.338700
1347.746516 0.338800
1348.424288 0.338900
1349.102260 0.339000
1349.780431 0.339100
1350.458803 0.339200
1351.137374 0.339300
1351.816146 0.339400
1352.495118 0.339500
1353.174289 0.339600
1353.853661 0.339700
1354.533232 0.339800
1355.213004 0.339900
1355.892976 0.340000
1356.573147 0.340100
1357.253519 0.340200
1357.934090 0.340300
1358.614862 0.340400
1359.295833 0.340500
1359.977005 0.340600
1360.658376 0.340700
1361.339948 0.340800
1362.021719 0.340900
1362.703691 0.341000
1363.385863 0.341100
1364.068234 0.341200
1364.750806 0.341300
1365.433577 0.341400
1366.116549 0.341500
1366.799720 0.341600
1367.483092 0.341700
1368.166663 0.341800
1368.850435 0.341900
1369.534406 0.342000
1370.218578 0.342100
1370.902949 0.342200
1371.587521 0.342300
1372.272292 0.342400
1372.957264 0.342500
1373.642435 0.342600
1374.327807 0.342700
1375.013378 0.342800
1375.699149 0.342900
1376.385121 0.343000
1377.071292 0.343100
1377.757664 0.343200
1378.444235 0.343300
1379.131007 0.343400
1379.817978 0.343500
1380.505150 0.343600
1381.192521 0.343700
1381.880093 0.343800
1382.567864 0.343900
1383.255835 0.344000
1383.944007 0.344100
1384.632378 0.344200
1385.320950 0.344300
1386.009721 0.344400
1386.698692 0.344500
1387.387864 0.344600
1388.077235 0.344700
1388.766807 0.344800
1389.456578 0.344900
1390.146550 0.345000
1390.836721 0.345100
1391.527092 0.345200
1392.217664 0.345300
1392.908435 0.345400
1393.599406 0.345500
1394.290578 0.345600
1394.981949 0.345700
1395.673521 0.345800
1396.365292 0.345900
1397.057263 0.346000
1397.749435 0.346100
1398.441806 0.346200
1399.134377 0.346300
1399.827149 0.346400
1400.520120 0.346500
1401.213154 0.346600
1401.906336 0.346700
1402.599711 0.346800
1403.293295 0.346900
1403.987089 0.347000
1404.681089 0.347100
1405.375291 0.347200
1406.069692 0.347300
1406.764293 0.347400
1407.459093 0.347500
1408.154093 0.347600
1408.849292 0.347700
1409.544692 0.347800
1410.240291 0.347900
1410.936091 0.348000
1411.632090 0.348100
1412.328289 0.348200
1413.024689 0.348300
1413.721288 0.348400
1414.418087 0.348500
1415.115086 0.348600
1415.812285 0.348700
1416.509684 0.348800
1417.207283 0.348900
1417.905082 0.349000
1418.603081 0.349100
1419.301280 0.349200
1419.999679 0.349300
1420.698277 0.349400
1421.397076 0.349500
1422.096075 0.349600
1422.795273 0.349700
1423.494672 0.349800
1424.194270 0.349900
1424.894069 0.350000
1425.594067 0.350100
1426.294265 0.350200
1426.994664 0.350300
1427.695262 0.350400
1428.396060 0.350500
1429.097058 0.350600
1429.798256 0.350700
1430.499654 0.350800
1431.201252 0.350900
1431.903050 0.351000
1432.605048 0.351100
1433.307245 0.351200
1434.009643 0.351300
1434.712241 0.351400
1435.415038 0.351500
1436.118036 0.351600
1436.821233 0.351700
1437.524631 0.351800
1438.228228 0.351900
1438.932026 0.352000
1439.636023 0.352100
1440.340220 0.352200
1441.044617 0.352300
1441.749214 0.352400
1442.454011 0.352500
1443.159009 0.352600
1443.864205 0.352700
1444.569602 0.352800
1445.275199 0.352900
1445.980996 0.353000
1446.686993 0.353100
1447.393190 0.353200
1448.099586 0.353300
1448.806183 0.353400
1449.512979 0.353500
1450.219976 0.353600
1450.927172 0.353700
1451.634569 0.353800
1452.342165 0.353900
1453.049961 0.354000
1453.757958 0.354100
1454.466154 0.354200
1455.174550 0.354300
1455.883146 0.354400
1456.591942 0.354500
1457.300938 0.354600
1458.010134 0.354700
1458.719530 0.354800
1459.429126 0.354900
1460.138921 0.355000
1460.848917 0.355100
1461.559113 0.355200
1462.269508 0.355300
1462.980104 0.355400
1463.690899 0.355500
1464.401895 0.355600
1465.113090 0.355700
1465.824485 0.355800
1466.536081 0.355900
1467.247876 0.356000
1467.959871 0.356100
1468.672066 0.356200
1469.384461 0.356300
1470.097056 0.356400
1470.809851 0.356500
1471.522846 0.356600
1472.236041 0.356700
1472.949436 0.356800
1473.663031 0.356900
1474.376825 0.357000
1475.090820 0.357100
1475.805015 0.357200
1476.519409 0.357300
1477.234004 0.357400
1477.948798 0.357500
1478.663793 0.357600
1479.378987 0.357700
1480.094381 0.357800
1480.809975 0.357900
1481.525770 0.358000
1482.241764 0.358100
1482.957958 0.358200
1483.674352 0.358300
1484.390946 0.358400
1485.107740 0.358500
1485.824733 0.358600
1486.541927 0.358700
1487.259321 0.358800
1487.976915 0.358900
1488.694708 0.359000
1489.412702 0.359100
1490.130896 0.359200
1490.849289 0.359300
1491.567882 0.359400
1492.286676 0.359500
1493.005669 0.359600
1493.724862 0.359700
1494.444256 0.359800
1495.163849 0.359900
1495.883642 0.360000
1496.603635 0.360100
1497.323828 0.360200
1498.044221 0.360300
1498.764814 0.360400
1499.485607 0.360500
1500.206600 0.360600
1500.927893 0.360700
1501.649427 0.360800
1502.371183 0.360900
1503.093149 0.361000
1503.815320 0.361100
1504.537692 0.361200
1505.260264 0.361300
1505.983035 0.361400
1506.706006 0.361500
1507.429177 0.361600
1508.152548 0.361700
1508.876118 0.361800
1509.599889 0.361900
1510.323860 0.362000
1511.048031 0.362100
1511.772402 0.362200
1512.496972 0.362300
1513.221743 0.362400
1513.946714 0.362500
1514.671885 0.362600
1515.397255 0.362700
1516.122826 0.362800
1516.848597 0.362900
1517.574568 0.363000
1518.300739 0.363100
1519.027109 0.363200
1519.753680 0.363300
1520.480451 0.363400
1521.207422 0.363500
1521.934592 0.363600
1522.661963 0.363700
1523.389534 0.363800
1524.117305 0.363900
1524.845275 0.364000
1525.573446 0.364100
1526.301817 0.364200
1527.030388 0.364300
1527.759158 0.364400
1528.488129 0.364500
1529.217300 0.364600
1529.946670 0.364700
1530.676241 0.364800
1531.406012 0.364900
1532.135983 0.365000
1532.866153 0.365100
1533.596524 0.365200
1534.327095 0.365300
1535.057865 0.365400
1535.788836 0.365500
1536.520007 0.365600
1537.251377 0.365700
1537.982948 0.365800
1538.714719 0.365900
1539.446689 0.366000
1540.178860 0.366100
1540.911231 0.366200
1541.643801 0.366300
1542.376572 0.366400
1543.109543 0.366500
1543.842713 0.366600
1544.576084 0.366700
1545.309655 0.366800
1546.043425 0.366900
1546.777396 0.367000
1547.511566 0.367100
1548.245937 0.367200
1548.980508 0.367300
1549.715278 0.367400
1550.450249 0.367500
1551.185420 0.367600
1551.920790 0.367700
1552.656361 0.367800
1553.392131 0.367900
1554.128102 0.368000
1554.864273 0.368100
1555.600643 0.368200
1556.337214 0.368300
1557.073984 0.368400
1557.810955 0.368500
1558.548125 0.368600
1559.285496 0.368700
1560.023067 0.368800
1560.760837 0.368900
1561.498808 0.369000
1562.236978 0.369100
1562.975349 0.369200
1563.713919 0.369300
1564.452690 0.369400
1565.191661 0.369500
1565.930831 0.369600
1566.670202 0.369700
1567.409772 0.369800
1568.149543 0.369900
1568.889513 0.370000
1569.629684 0.370100
1570.370054 0.370200
1571.110625 0.370300
1571.851395 0.370400
1572.592366 0.370500
1573.333536 0.370600
1574.074907 0.370700
1574.816477 0.370800
1575.558248 0.370900
1576.300218 0.371000
1577.042389 0.371100
1577.784759 0.371200
1578.527330 0.371300
1579.270100 0.371400
1580.013071 0.371500
1580.756241 0.371600
1581.499612 0.371700
1582.243182 0.371800
1582.986953 0.371900
1583.730923 0.372000
1584.475094 0.372100
1585.219464 0.372200
1585.964034 0.372300
1586.708805 0.372400
1587.453775 0.372500
1588.198946 0.372600
1588.944316 0.372700
1589.689887 0.372800
1590.435657 0.372900
1591.181627 0.373000
1591.927798 0.373100
1592.674168 0.373200
1593.420739 0.373300
1594.167509 0.373400
1594.914480 0.373500
1595.661650 0.373600
1596.409020 0.373700
1597.156591 0.373800
1597.904361 0.373900
1598.652332 0.374000
1599.400502 0.374100
1600.148872 0.374200
1600.897443 0.374300
1601.646213 0.374400
1602.395183 0.374500
1603.144354 0.374600
1603.893724 0.374700
1604.643295 0.374800
1605.393065 0.374900
1606.143035 0.375000
1606.893206 0.375100
1607.643576 0.375200
1608.394146 0.375300
1609.144917 0.375400
1609.895887 0.375500
1610.647057 0.375600
1611.398428 0.375700
1612.149998 0.375800
1612.901768 0.375900
1613.653739 0.376000
1614.405909 0.376100
1615.158279 0.376200
1615.910850 0.376300
1616.663620 0.376400
1617.416590 0.376500
1618.169760 0.376600
1618.923131 0.376700
1619.676701 0.376800
1620.430471 0.376900
1621.184442 0.377000
1621.938612 0.377100
1622.692982 0.377200
1623.447552 0.377300
1624.202323 0.377400
1624.957293 0.377500
1625.712463 0.377600
1626.467834 0.377700
1627.223404 0.377800
1627.979174 0.377900
1628.735144 0.378000
1629.491315 0.378100
1630.247685 0.378200
1631.004255 0.378300
1631.761025 0.378400
1632.517996 0.378500
1633.275166 0.378600
1634.032536 0.378700
1634.790106 0.378800
1635.547876 0.378900
1636.305847 0.379000
1637.064017 0.379100
1637.822387 0.379200
1638.580957 0.379300
1639.339727 0.379400
1640.098698 0.379500
1640.857868 0.379600
1641.617238 0.379700
1642.376808 0.379800
1643.136578 0.379900
1643.896549 0.380000
1644.656719 0.380100
1645.417089 0.380200
1646.177659 0.380300
1646.938429 0.380400
1647.699399 0.380500
1648.460570 0.380600
1649.221940 0.380700
1649.983510 0.380800
1650.745280 0.380900
1651.507250 0.381000
1652.269420 0.381100
1653.031791 0.381200
1653.794361 0.381300
1654.557131 0.381400
1655.320101 0.381500
1656.083271 0.381600
1656.846641 0.381700
1657.610211 0.381800
1658.373981 0.381900
1659.137952 0.382000
1659.902122 0.382100
1660.666492 0.382200
1661.431062 0.382300
1662.195832 0.382400
1662.960802 0.382500
1663.725972 0.382600
1664.491342 0.382700
1665.256912 0.382800
1666.022682 0.382900
1666.788652 0.383000
1667.554823 0.383100
1668.321193 0.383200
1669.087763 0.383300
1669.854533 0.383400
1670.621503 0.383500
1671.388673 0.383600
1672.156043 0.383700
1672.923613 0.383800
1673.691383 0.383900
1674.459353 0.384000
1675.227523 0.384100
1675.995893 0.384200
1676.764463 0.384300
1677.533233 0.384400
1678.302203 0.384500
1679.071373 0.384600
1679.840743 0.384700
1680.610313 0.384800
1681.380083 0.384900
1682.150053 0.385000
1682.920223 0.385100
1683.690593 0.385200
1684.461163 0.385300
1685.231933 0.385400
1686.002903 0.385500
1686.774073 0.385600
1687.545443 0.385700
1688.317013 0.385800
1689.088783 0.385900
1689.860753 0.386000
1690.632923 0.386100
1691.405293 0.386200
1692.177863 0.386300
1692.950633 0.386400
1693.723603 0.386500
1694.496773 0.386600
1695.270143 0.386700
1696.043713 0.386800
1696.817483 0.386900
1697.591453 0.387000
1698.365623 0.387100
1699.139993 0.387200
1699.914563 0.387300
1700.689332 0.387400
1701.464302 0.387500
1702.239472 0.387600
1703.014842 0.387700
1703.790412 0.387800
1704.566182 0.387900
1705.342152 0.388000
1706.118322 0.388100
